-0.3875356409023891 0.524172868009471
-0.46987286878498846 0.05882929556249085
-0.6078798736976971 -0.928818592175306
-0.1389570468659047 0.6814370185273411
-0.9537728960158895 -0.03766867090057063
-0.6084361698320273 -0.7747304158863608
-0.2943894230625488 0.5282674135296951
-0.5535159613085228 -0.1887298655410748
0.22704371139309165 0.9706981578099921
0.16091422317770832 0.9932041320121756
0.7071353570891019 5.522749816935088
-0.9177389269236287 -0.753037579565723
-0.023651125017809305 0.7479942391230837
0.8416523125864159 13.401073938449613
-0.7817962333622865 -1.2961323383516143
-0.1778867553912875 0.6950180848864662
-0.05974635505088988 0.8053219918435964
-0.7454069026095826 -1.5381162941387032
0.9647100005819487 30.042566640575664
-0.9593680675892531 0.0069264181873646136
0.41097209602393026 1.4057624315753645
0.9310182846896795 24.219399201726368
-0.2945092167328325 0.612596718604494
0.21178951585760042 0.5845467545452638
-0.5652393278970429 -0.4784608820098194
0.9839390925752733 33.69838019108466
0.3383591268773791 1.1678571465216443
0.38607948370394873 0.7977735802303088
-0.6490581463672329 -0.8924446038158583
0.6608976105749274 4.066524936184765
-0.5076244671413175 0.34769556709469673
0.20839138656717981 1.3112817412205588
0.6370241130720138 2.9220427383754273
-0.16450709659092055 0.6138304863011681
-0.8770619107073914 -1.227644003337526
0.8145081057581716 11.735802235712512
0.467730823521302 1.4749890599358546
-0.23926804574411875 0.7446454326023744
-0.2116168580149893 0.5001364013825362
0.7572067541582423 7.801024443713493
-0.7763410643274757 -1.1219654776858126
-0.13142644227558953 0.8119346368061136
0.1371233736679529 0.7616163459187026
-0.9607582734347526 -0.14215125120822292
-0.26970661956184916 0.5679599519754212
-0.060922184129449164 1.0245636104845268
-0.5094669456707253 -0.48685498820877215
0.09929954034733846 0.8610137157418829
-0.12772961708306108 0.5343847675715538
0.8635021182999094 15.978550715621363
-0.4102157841536056 0.23075358328951723
-0.15753201756681445 0.8616205711230698
-0.5003694958937448 -0.19553035113364697
-0.11593086728876068 0.7319153297817284
0.1667717498954555 1.0219725667366302
0.5204165899606765 1.5283392979413366
0.46685633328895526 1.5056763591923041
0.44420231435186985 1.4320463519916642
0.47701000767614676 1.3553231155535177
0.02348411715172327 0.9154072252765051
-0.4797168459049055 0.0650055205952679
0.5413634110990568 2.05335655843649
0.01285310239532289 1.0999688436126227
-0.2691640943483842 0.8665787582491071
-0.6157982868870846 -0.574463098168366
-0.6712471919438219 -0.808062356327917
-0.7805418429559889 -1.6602132160165946
0.460130309721847 1.4915796754419475
0.1251544345349045 0.904051691915924
0.7840313183324041 9.22939364986174
-0.6098501452952179 -0.9220618801632763
0.7895395695792646 9.633871618669163
-0.9148668099525046 -0.7217930198862385
-0.11334041577652454 0.7779226658875371
0.7866850436028012 9.400654231369023
0.3378352570226535 0.8742034378465231
0.6422495306667406 3.74285483070158
0.3232747261598792 1.0979742564448363
-0.6638827964341023 -0.8399279588966498
0.3969936353134229 1.153299613025411
0.24875569618465443 0.8711422764720564
0.32000260558699 1.055246356106493
0.8857657808891453 18.01372830233288
0.58691297018222 3.087420646452791
0.9627727424943 29.44769732446955
0.9443533534652719 26.496761143524314
-0.6833351251522362 -1.2022981220557762
0.4590465504769843 1.5478289579830027
0.5001492889779533 1.3925281736083162
0.6684807875570564 4.298807429984922
0.8895195950960799 18.577622549323284
0.49786631451434404 1.4272093643024626
-0.6447453094555202 -0.7541669923881613
0.8344934540726152 12.634705178385982
0.46222140660309874 1.1512017079385874
-0.597746073718741 -0.576588761774583
0.5443563592461231 2.144070312091121
0.004376755653319631 1.082774721485195
0.5263428837724264 1.7203801087919757
0.8540801447837161 14.725087801572608
