-0.3875356409023891 -0.4423586739211729
-0.46987286878498846 -0.12062736129667402
-0.6078798736976971 0.3665815359827859
-0.1389570468659047 -0.9900285045161077
-0.9537728960158895 0.5482897462532599
-0.6084361698320273 0.5261790057100842
-0.2943894230625488 -1.0399817883013567
-0.5535159613085228 0.5385437868226368
0.22704371139309165 1.0045586750617836
0.16091422317770832 0.8652793018268838
0.7071353570891019 -0.9531688501745023
-0.9177389269236287 0.5778434995666112
-0.023651125017809305 -0.3936040702375815
0.8416523125864159 -1.0566279958305826
-0.7817962333622865 1.0435348145932268
-0.1778867553912875 -1.0551751079964116
-0.05974635505088988 -0.5378685117001523
-0.7454069026095826 0.7356093193851909
0.9647100005819487 -0.12916478506924173
-0.9593680675892531 0.45288869205848375
0.41097209602393026 0.8134067323243237
0.9310182846896795 -0.458018046468219
-0.2945092167328325 -0.9551273298081552
0.21178951585760042 0.5966347696444707
-0.5652393278970429 0.3751721182082095
0.9839390925752733 -0.1262405353762741
0.3383591268773791 1.0302441382949856
0.38607948370394873 0.39333455537925716
-0.6490581463672329 0.785614282316125
0.6608976105749274 -0.8192264969389057
-0.5076244671413175 0.573648806869416
0.20839138656717981 1.3171759349493646
0.6370241130720138 -1.2855902253349618
-0.16450709659092055 -1.1164902975970386
-0.8770619107073914 0.6635424300757223
0.8145081057581716 -0.5588869495448823
0.467730823521302 0.32310603561271195
-0.23926804574411875 -0.9914222892105984
-0.2116168580149893 -1.264342017604052
0.7572067541582423 -0.9370868232337584
-0.7763410643274757 1.2147787209468048
-0.13142644227558953 -0.8372434217013212
0.1371233736679529 0.5370403237180437
-0.9607582734347526 0.2679285477065417
-0.26970661956184916 -1.0937520496527888
-0.060922184129449164 -0.32478284118067324
-0.5094669456707253 -0.2407972673001381
0.09929954034733846 0.4504858408770512
-0.12772961708306108 -1.1030722256855883
0.8635021182999094 -0.4969117215092694
-0.4102157841536056 -0.537758003427024
-0.15753201756681445 -0.855292628615909
-0.5003694958937448 -0.04854903669849603
-0.11593086728876068 -0.8648265125595374
0.1667717498954555 0.9150319449217622
0.5204165899606765 -0.3209415387443101
0.46685633328895526 0.3638570408020993
0.44420231435186985 0.5348592655023231
0.47701000767614676 0.0937400890195661
0.02348411715172327 0.05933174407432065
-0.4797168459049055 -0.010323544743957053
0.5413634110990568 -0.1273972085658163
0.01285310239532289 0.17855586718801147
-0.2691640943483842 -0.7968554358123642
-0.6157982868870846 0.7985847410527269
-0.6712471919438219 1.050264333269367
-0.7805418429559889 0.6790127277128999
0.460130309721847 0.4256043320359405
0.1251544345349045 0.6245205156343067
0.7840313183324041 -1.0229808595112828
-0.6098501452952179 0.3928148512448624
0.7895395695792646 -0.9605250994543516
-0.9148668099525046 0.6577208411290744
-0.11334041577652454 -0.8092275304633801
0.7866850436028012 -1.0150909292748427
0.3378352570226535 0.7388518070987813
0.6422495306667406 -0.606025453348227
0.3232747261598792 1.0197698553431824
-0.6638827964341023 0.9609176273022574
0.3969936353134229 0.67065370980787
0.24875569618465443 0.9183049984219446
0.32000260558699 0.9883766105845655
0.8857657808891453 -0.8099040485453237
0.58691297018222 0.05951915354078463
0.9627727424943 -0.3780189636724204
0.9443533534652719 -0.22677408031085974
-0.6833351251522362 0.7448692009171141
0.4590465504769843 0.4938178019407351
0.5001492889779533 -0.16653538078880906
0.6684807875570564 -0.8209649944477254
0.8895195950960799 -0.673787178589143
0.49786631451434404 -0.10093957833399811
-0.6447453094555202 0.8865157996600161
0.8344934540726152 -1.217701198471726
0.46222140660309874 0.06194116717158399
-0.597746073718741 0.6171195648909645
0.5443563592461231 -0.08682943210337557
0.004376755653319631 0.1094530019277101
0.5263428837724264 -0.2193136707809202
0.8540801447837161 -0.8475814230600367
