0.3071791709292191 1.1278177920374377
-0.7699861137511885 -1.047121094743253
0.9005657286980491 19.865782599678994
-0.035617197144003576 1.0719672793552675
0.7449490703640707 7.256035509747923
-0.5753346381545601 -0.3313623810038665
-0.9185807504618217 -1.0673372794377713
-0.2056110773085884 1.3767990481767662
-0.53373560530324 -0.8376079635435358
0.6834814485061231 4.4643137568826745
-0.5858353112265062 -0.6745531501233271
0.4849390671648173 1.6177490819020086
-0.21569174438231742 1.1038360074639635
-0.6354869600952313 -0.8576511810866104
0.48707882918428 1.5572555412405666
-0.8608358380600909 -0.889781725534958
0.7706744087615014 8.398595390241717
0.9052887984430835 20.48044570743712
0.8622868693550216 15.984641862643487
-0.1691380939101843 0.49188412552436733
-0.9420366812262575 -0.6148742386268246
0.9640549691963953 30.02621123887012
-0.32072463272942286 0.7127480777605476
0.4133743877776077 1.082853820751471
-0.27624586478487645 0.7416108901035231
-0.9297882040972771 -0.8818384872947198
0.7101165064808159 5.683493713726812
0.3145070162809849 0.9764814787534118
0.5313659882904773 1.9750008534993129
0.10817447600878838 1.1179706434359482
0.7701858732211992 8.47017535568589
0.8083952307947246 10.610033292577729
-0.9791565988820916 -0.3425617692666333
-0.8508865277151441 -1.16428601854524
-0.5107415804804294 -0.45244796566085815
-0.7333904950970305 -1.408138640795194
0.39585020081943845 0.8452260305329808
-0.20359023294812983 0.61231818478063
0.7662443828082854 7.834220693430174
-0.637984979452594 -0.914026608109875
-0.13500165641597306 1.1263572878944705
-0.9637135944906547 0.11432125138601351
0.38287572337768494 1.1919724027302994
-0.06061869592832636 1.040300057957992
-0.7435556206927045 -1.3885259954665699
0.7826741025789183 9.156874273722723
0.8364072489422305 12.876546887990568
-0.8537580126424631 -1.348125459898758
-0.9091041135399096 -0.675222158348832
-0.12285420851669393 1.04085217814958
0.2034418598009189 0.8478430260608489
-0.3795459320687997 0.33668343980437176
0.36381648397029864 1.2104036110558662
-0.5819736983169697 -0.6038761623424116
0.03920859444706948 0.9119436296296041
0.1319776611381407 1.0554022239347427
-0.11766521482484604 0.8573669692052673
-0.7248876855814654 -1.3078439067315564
-0.5729136177250744 -0.6914276527624155
-0.733256215787714 -1.4821366544403083
-0.3554065970033784 0.29432905281772254
-0.5322257696507418 -0.14262606382225043
0.05499631203964128 0.7506761871827115
0.13194232395310723 0.8519513418708966
-0.12354943042788036 1.0005074134974308
-0.3562547518397823 0.6537231695447008
0.11928162138453202 1.1712381383092256
0.7306911623690133 6.429052598017659
0.6945657547504427 4.8627467393519925
-0.7843656680297773 -1.5903426395744646
-0.36736103205142423 0.5147786621968038
-0.18104268239742383 0.7972810235343529
0.37417802784489895 1.0844125199248966
0.40447057494655314 0.9153136214400541
-0.10760411169567252 1.0788268979048712
-0.15935584380157342 1.055127729684085
0.6052611821398763 2.896258429603299
0.07723513063734977 0.9198998372790899
0.8470009788280914 14.14722699769062
-0.8761849255506171 -1.3231305845984571
-0.26483309332238614 0.5919961033767086
0.940797544900835 25.492432971691017
0.3982078967217886 1.0726577146237293
0.7819511598544784 8.827770619157821
-0.49289456321010094 -0.07562271234079633
0.45105421164221693 0.9122444267388037
-0.5930111301975984 -0.9902530296582825
0.07502364747311319 0.8819000257561438
-0.526113992546065 -0.3229709253967751
-0.1270156804612732 1.0833333714517035
0.5960490270438501 2.5121845579497966
-0.3831816703194495 0.3219829235434052
0.24303325700438116 0.78090629706513
-0.12070376470928079 1.0808470376820285
0.8266474108841726 12.461249052454045
0.31737180630234185 0.8016486601900934
0.30726289623044445 1.3164918730115165
-0.28308443324060306 0.5154111982300328
0.04588313440620895 0.9260991527635598
-0.909825375351085 -1.0247948432511191
