-0.3875356409023891 -0.2586001130672936
-0.46987286878498846 -0.8619547809902357
-0.6078798736976971 -0.35830113727009905
-0.1389570468659047 -0.1542012728645013
-0.9537728960158895 -0.6979318747005254
-0.6084361698320273 -0.6817582487449454
-0.2943894230625488 -0.32951436037992166
-0.5535159613085228 -0.863417743949952
0.22704371139309165 -0.25119308024397047
0.16091422317770832 0.031054049498065783
0.7071353570891019 -0.09258083879504925
-0.9177389269236287 -0.4731724488058205
-0.023651125017809305 -0.1228947840619426
0.8416523125864159 0.06802560017334419
-0.7817962333622865 -0.7235407771596603
-0.1778867553912875 -0.5817648323404613
-0.05974635505088988 -0.39840264439435547
-0.7454069026095826 -0.662922643839937
0.9647100005819487 0.08242860318946277
-0.9593680675892531 -1.2220649357986946
