-0.3875356409023891 -0.2868487464160485
-0.46987286878498846 -0.4673979007342214
-0.6078798736976971 -0.8644620188987377
-0.1389570468659047 -0.5931873818043065
-0.9537728960158895 -0.5149834232363553
-0.6084361698320273 -0.7078614845467306
-0.2943894230625488 -0.5258195708758266
-0.5535159613085228 -0.36816428192608275
0.22704371139309165 -0.17153510261965868
0.16091422317770832 -0.20165547968266928
0.7071353570891019 0.06434915121472477
-0.9177389269236287 -0.6751800656603363
-0.023651125017809305 -0.5573715730747313
0.8416523125864159 -0.09708215436449513
-0.7817962333622865 -0.6274732407202657
-0.1778867553912875 -0.5450244857577414
-0.05974635505088988 -0.5010993865367781
-0.7454069026095826 -0.9366777317411226
0.9647100005819487 0.2731113310342035
-0.9593680675892531 -0.5793290648266479
0.41097209602393026 0.18823298432729868
0.9310182846896795 0.1274725641758549
-0.2945092167328325 -0.4412324997085505
0.21178951585760042 -0.5687885832292205
-0.5652393278970429 -0.605975052573595
0.9839390925752733 0.16647147883163316
0.3383591268773791 0.04961642132387767
0.38607948370394873 -0.3698346953412319
-0.6490581463672329 -0.6444392197483481
0.6608976105749274 0.05855877436189734
-0.5076244671413175 -0.028051044866189145
0.20839138656717981 0.15535145956930335
0.6370241130720138 -0.5086175049075621
-0.16450709659092055 -0.6395824472634692
-0.8770619107073914 -0.7728753947076896
0.8145081057581716 0.4673447939428359
0.467730823521302 0.05560453844464357
-0.23926804574411875 -0.4133289110342493
-0.2116168580149893 -0.6990908649706598
0.7572067541582423 0.14049152768851314
-0.7763410643274757 -0.4597269634763674
-0.13142644227558953 -0.4678820530600727
0.1371233736679529 -0.4532649650529977
-0.9607582734347526 -0.7565229801221801
-0.26970661956184916 -0.5362613091193651
-0.060922184129449164 -0.2817382293697543
-0.5094669456707253 -0.8549782436406147
0.09929954034733846 -0.38408338100032346
-0.12772961708306108 -0.7478074722274014
0.8635021182999094 0.3911410104658751
-0.4102157841536056 -0.5081843424435998
-0.15753201756681445 -0.3981408447584738
-0.5003694958937448 -0.6010553937304758
-0.11593086728876068 -0.5571041587583971
0.1667717498954555 -0.16793752382306296
0.5204165899606765 -0.23280357046013128
0.46685633328895526 0.09053933278829793
0.44420231435186985 0.11351107599201277
0.47701000767614676 -0.11170346478076185
0.02348411715172327 -0.37594639946387254
-0.4797168459049055 -0.423083852578547
0.5413634110990568 0.1002625877432092
0.01285310239532289 -0.19568825098615159
-0.2691640943483842 -0.23867819949284558
-0.6157982868870846 -0.4743803287144657
-0.6712471919438219 -0.46541418271026025
-0.7805418429559889 -0.9929018134441193
0.460130309721847 0.10777272027491244
0.1251544345349045 -0.320694849845152
0.7840313183324041 0.046261185779611996
-0.6098501452952179 -0.8488084404978797
0.7895395695792646 0.10354324459149632
-0.9148668099525046 -0.6094741199003747
-0.11334041577652454 -0.5124434484991804
0.7866850436028012 0.05180412221779416
0.3378352570226535 -0.2437682040418629
0.6422495306667406 0.19454478064306308
0.3232747261598792 -0.014468213421949691
-0.6638827964341023 -0.5281713553198369
0.3969936353134229 -0.03381091794499193
0.24875569618465443 -0.2572865915826247
0.32000260558699 -0.05644216836961541
0.8857657808891453 -0.009326125674428254
0.58691297018222 0.5723257637529349
0.9627727424943 0.03514608726566701
0.9443533534652719 0.28796050878544976
-0.6833351251522362 -0.8103483984191424
0.4590465504769843 0.16885319608349716
0.5001492889779533 -0.21552272612458595
0.6684807875570564 0.08494365006988061
0.8895195950960799 0.11071947478136668
0.49786631451434404 -0.16541236078712673
-0.6447453094555202 -0.5250300406495039
0.8344934540726152 -0.23809666942407726
0.46222140660309874 -0.24209522362139135
-0.597746073718741 -0.5580229994138232
0.5443563592461231 0.16045404545654618
0.004376755653319631 -0.21585512105745874
0.5263428837724264 -0.0913797243313362
0.8540801447837161 0.07314281519054619
