0.3071791709292191 2.1773073369258467
-0.7699861137511885 -0.29650683894093616
0.9005657286980491 8.038954403427436
-0.035617197144003576 1.0154601165359947
0.7449490703640707 5.94178596510253
-0.5753346381545601 0.25449367198840744
-0.9185807504618217 -1.6466895732740277
-0.2056110773085884 1.2531898401283326
-0.53373560530324 -0.3573575500786901
0.6834814485061231 4.811786150002615
-0.5858353112265062 -0.06313620444160631
0.4849390671648173 3.2951902968930726
-0.21569174438231742 0.9861342967795658
-0.6354869600952313 -0.13765009853601812
0.48707882918428 3.23753042206339
-0.8608358380600909 -0.6625221494926601
0.7706744087615014 6.07603656778096
0.9052887984430835 8.120791558735577
0.8622868693550216 7.909561510055934
-0.1691380939101843 0.35568202405594895
-0.9420366812262575 -1.6794235136953253
0.9640549691963953 9.496139097176632
-0.32072463272942286 0.7142519359229487
0.4133743877776077 2.5746784294656178
-0.27624586478487645 0.6803399381163261
-0.9297882040972771 -1.6797712065122083
0.7101165064808159 5.4244792551745675
0.3145070162809849 2.058627383668469
0.5313659882904773 3.6623335721056294
0.10817447600878838 1.3821087071522595
0.7701858732211992 6.168810003279762
0.8083952307947246 6.3794007874793754
-0.9791565988820916 -2.4182974309474368
-0.8508865277151441 -0.8427910541006083
-0.5107415804804294 -0.03174671288933428
-0.7333904950970305 -0.6040510270081405
0.39585020081943845 2.2723084508136275
-0.20359023294812983 0.48764914901784967
0.7662443828082854 5.700821528537572
-0.637984979452594 -0.18930461728067052
-0.13500165641597306 0.991278381666393
-0.9637135944906547 -1.500750553137341
0.38287572337768494 2.568038055186245
-0.06061869592832636 0.9531712349275857
-0.7435556206927045 -0.5929525423392662
0.7826741025789183 6.286940664848969
0.8364072489422305 6.833157470241737
-0.8537580126424631 -1.0526836836088214
-0.9091041135399096 -1.0872888420250506
-0.12285420851669393 0.9092812891637047
0.2034418598009189 1.45107574841243
-0.3795459320687997 0.445605108653531
0.36381648397029864 2.5078601603263184
-0.5819736983169697 -0.0017848943417661384
0.03920859444706948 0.9917305836354074
0.1319776611381407 1.3956700369211967
-0.11766521482484604 0.7278006841363992
-0.7248876855814654 -0.4998927340921251
-0.5729136177250744 -0.11154990637668089
-0.733256215787714 -0.6779656968445784
-0.3554065970033784 0.35605934663400163
-0.5322257696507418 0.33371961071170486
0.05499631203964128 0.8677681487198086
0.13194232395310723 1.1921016078641458
-0.12354943042788036 0.8686910452774419
-0.3562547518397823 0.717041138285139
0.11928162138453202 1.4701333299651327
0.7306911623690133 5.58634690644022
0.6945657547504427 4.97671509456916
-0.7843656680297773 -0.8802891351168719
-0.36736103205142423 0.5993671520250154
-0.18104268239742383 0.6636525236097974
0.37417802784489895 2.425080447269958
0.40447057494655314 2.374905721265013
-0.10760411169567252 0.9540179050384268
-0.15935584380157342 0.9179476567095731
0.6052611821398763 4.281050488372876
0.07723513063734977 1.0945186242598803
0.8470009788280914 7.31667266361102
-0.8761849255506171 -1.2643855451401738
-0.26483309332238614 0.517434854378939
0.940797544900835 8.561418438459146
0.3982078967217886 2.508750110347385
0.7819511598544784 5.992307647715377
-0.49289456321010094 0.2990912078122482
0.45105421164221693 2.5211072582209035
-0.5930111301975984 -0.3617653827188731
0.07502364747311319 1.0505398495374934
-0.526113992546065 0.1375513305475191
-0.1270156804612732 0.9503742961643455
0.5960490270438501 3.9631103217298644
-0.3831816703194495 0.438360120774061
0.24303325700438116 1.548273867694033
-0.12070376470928079 0.950069978560405
0.8266474108841726 7.09201078512205
0.31737180630234185 1.896545935707965
0.30726289623044445 2.366354734307129
-0.28308443324060306 0.46267000312765383
0.04588313440620895 1.0212969171145003
-0.909825375351085 -1.4490542973165295
