0.3071791709292191 2.2441165036014614
-0.7699861137511885 1.29589316956403
0.9005657286980491 18.615939220656767
-0.035617197144003576 1.0154678334488332
0.7449490703640707 10.05450178906615
-0.5753346381545601 0.677979155558281
-0.9185807504618217 2.1944917425393466
-0.2056110773085884 1.260450135326734
-0.53373560530324 -0.0496494512080079
0.6834814485061231 7.511444554396321
-0.5858353112265062 0.3947551471163754
0.4849390671648173 3.8236544660995033
-0.21569174438231742 0.9948600280976835
-0.6354869600952313 0.5169894039320313
0.48707882918428 3.7769258612253997
-0.8608358380600909 2.0953871152944155
0.7706744087615014 10.937690208827357
0.9052887984430835 18.980549107444823
0.8622868693550216 16.411556307136472
-0.1691380939101843 0.3591073769689127
-0.9420366812262575 2.699136797956685
0.9640549691963953 24.431158559775945
-0.32072463272942286 0.754414497220862
0.4133743877776077 2.8280241514566082
-0.27624586478487645 0.702915894101454
-0.9297882040972771 2.4104498279053006
0.7101165064808159 8.676908787527749
0.3145070162809849 2.132785509402571
0.5313659882904773 4.472673446791805
0.10817447600878838 1.3828934484219717
0.7701858732211992 11.015262491319852
0.8083952307947246 12.53978105093378
-0.9791565988820916 2.9464067084701506
-0.8508865277151441 1.7586127075327365
-0.5107415804804294 0.22421300146453227
-0.7333904950970305 0.6586320170553743
0.39585020081943845 2.4803301059975285
-0.20359023294812983 0.49463908036428467
0.7662443828082854 10.426059129745319
-0.637984979452594 0.47689502850609444
-0.13500165641597306 0.9927125350245375
-0.9637135944906547 3.4321958175174374
0.38287572337768494 2.7469060611585308
-0.06061869592832636 0.9532341854846036
-0.7435556206927045 0.7546857893017319
0.7826741025789183 11.534510761102203
0.8364072489422305 14.132915703593369
-0.8537580126424631 1.593064787590184
-0.9091041135399096 2.553840220064278
-0.12285420851669393 0.9102764543211915
0.2034418598009189 1.4622281147497884
-0.3795459320687997 0.5230326451665959
0.36381648397029864 2.6499359691593214
-0.5819736983169697 0.4431889651494047
0.03920859444706948 0.9917429817155324
0.1319776611381407 1.3974642243387823
-0.11766521482484604 0.7286423667012045
-0.7248876855814654 0.6953643951216335
-0.5729136177250744 0.30432080030369485
-0.733256215787714 0.5836272253810317
-0.3554065970033784 0.4159193425491203
-0.5322257696507418 0.637783582539795
0.05499631203964128 0.8678171019548677
0.13194232395310723 1.1938937904275708
-0.12354943042788036 0.8697082360684805
-0.3562547518397823 0.7774606778280826
0.11928162138453202 1.4713105706114167
0.7306911623690133 9.326758260135
0.6945657547504427 7.896168035116706
-0.7843656680297773 0.8610007591849521
-0.36736103205142423 0.6674916758771205
-0.18104268239742383 0.6681035237437372
0.37417802784489895 2.5863142257342036
0.40447057494655314 2.6043249521474516
-0.10760411169567252 0.9546125404780295
-0.15935584380157342 0.9206700547479814
0.6052611821398763 5.783612562704072
0.07723513063734977 1.0947145222996715
0.8470009788280914 15.090308452800134
-0.8761849255506171 1.751263191480048
-0.26483309332238614 0.5366291216488562
0.940797544900835 21.75428917112851
0.3982078967217886 2.7224573639274814
0.7819511598544784 11.215934248338392
-0.49289456321010094 0.5200263034685509
0.45105421164221693 2.8990346072458837
-0.5930111301975984 0.12097451846450619
0.07502364747311319 1.0507137612328308
-0.526113992546065 0.4272277700664282
-0.1270156804612732 0.9515067021333388
0.5960490270438501 5.359508573014164
-0.3831816703194495 0.5187455251511753
0.24303325700438116 1.5722469689183654
-0.12070376470928079 0.9509992348938744
0.8266474108841726 13.976569697120935
0.31737180630234185 1.9737461240366927
0.30726289623044445 2.433244456688141
-0.28308443324060306 0.4874743007133956
0.04588313440620895 1.0213203632305639
-0.909825375351085 2.2069710440063863
