0.3071791709292191 2.247138073114745
-0.7699861137511885 0.17281307476522895
0.9005657286980491 30.249090269588965
-0.035617197144003576 1.0154678328895073
0.7449490703640707 12.633182589878848
-0.5753346381545601 0.5500257027428714
-0.9185807504618217 -2.3145010465043203
-0.2056110773085884 1.2603480319135918
-0.53373560530324 -0.12424070441497337
0.6834814485061231 8.822953902967791
-0.5858353112265062 0.24888206984910347
0.4849390671648173 3.916466278158815
-0.21569174438231742 0.9947183349492428
-0.6354869600952313 0.25250590640888776
0.48707882918428 3.8729031207261837
-0.8608358380600909 -0.5889268668370966
0.7706744087615014 14.308487390130107
0.9052887984430835 31.11123910566415
0.8622868693550216 24.633507909198286
-0.1691380939101843 0.3590805925042073
-0.9420366812262575 -2.828597706372376
0.9640549691963953 44.53102340670817
-0.32072463272942286 0.7522703993885145
0.4133743877776077 2.855722481487626
-0.27624586478487645 0.7021453170788485
-0.9297882040972771 -2.5618746271030153
0.7101165064808159 10.446458704086618
0.3145070162809849 2.136383161656074
0.5313659882904773 4.659329502040732
0.10817447600878838 1.3828950240930031
0.7701858732211992 14.36921375757216
0.8083952307947246 17.460556242111814
-0.9791565988820916 -4.6256791554437635
-0.8508865277151441 -0.6898361928669543
-0.5107415804804294 0.16971006167874708
-0.7333904950970305 -0.11485855101532871
0.39585020081943845 2.5003272709946858
-0.20359023294812983 0.4945436540434212
0.7662443828082854 13.646797365748432
-0.637984979452594 0.20464623191139156
-0.13500165641597306 0.9927068408021592
-0.9637135944906547 -3.218109744410215
0.38287572337768494 2.7624797776903693
-0.06061869592832636 0.9532341629527852
-0.7435556206927045 -0.10441449668528645
0.7826741025789183 15.343279635756483
0.8364072489422305 20.58290750185828
-0.8537580126424631 -0.9214517261962956
-0.9091041135399096 -1.5943184406876947
-0.12285420851669393 0.9102734783666842
0.2034418598009189 1.4623758854603073
-0.3795459320687997 0.5161969714171529
0.36381648397029864 2.66056459868681
-0.5819736983169697 0.3041488741575955
0.03920859444706948 0.9917429829076078
0.1319776611381407 1.397470753700098
-0.11766521482484604 0.7286401559644697
-0.7248876855814654 -0.012501397366332365
-0.5729136177250744 0.18021087662965002
-0.733256215787714 -0.18878581884641432
-0.3554065970033784 0.4115755217647166
-0.5322257696507418 0.5646871955316843
0.05499631203964128 0.8678171149278611
0.13194232395310723 1.1939003072746845
-0.12354943042788036 0.869705142205634
-0.3562547518397823 0.7730449351641308
0.11928162138453202 1.4713137368855653
0.7306911623690133 11.541505600437425
0.6945657547504427 9.383695932014902
-0.7843656680297773 -0.43456731674748317
-0.36736103205142423 0.6620350373679614
-0.18104268239742383 0.6680608228823223
0.37417802784489895 2.599425969225224
0.40447057494655314 2.627836558445261
-0.10760411169567252 0.9546113466354011
-0.15935584380157342 0.920652257871185
0.6052611821398763 6.29278993233264
0.07723513063734977 1.0947146658317193
0.8470009788280914 22.219943226167103
-0.8761849255506171 -1.3374840294066415
-0.26483309332238614 0.5360518552101601
0.940797544900835 38.27031975958401
0.3982078967217886 2.743366714868612
0.7819511598544784 14.996959575466166
-0.49289456321010094 0.4776667457441137
0.45105421164221693 2.9525692686867595
-0.5930111301975984 -0.03839115555794648
0.07502364747311319 1.0507138780417475
-0.526113992546065 0.3599165444852073
-0.1270156804612732 0.9515029590765527
0.5960490270438501 5.81167883813121
-0.3831816703194495 0.5114441594707895
0.24303325700438116 1.5727867232704327
-0.12070376470928079 0.9509965997092555
0.8266474108841726 19.85182123500203
0.31737180630234185 1.9775937665407999
0.30726289623044445 2.4362721237218103
-0.28308443324060306 0.48656324994921596
0.04588313440620895 1.0213203668413786
-0.909825375351085 -1.9677003172935423
