-0.3875356409023891 -0.6901039113751191
-0.46987286878498846 -0.6130911984982186
-0.6078798736976971 -0.34737775925794856
-0.1389570468659047 -0.510397009065279
-0.9537728960158895 -0.8698817744786874
-0.6084361698320273 -0.21549510708805097
-0.2943894230625488 -0.5882805212590668
-0.5535159613085228 -0.8524924638109275
0.22704371139309165 0.030920940898551186
0.16091422317770832 -0.009982245497053704
0.7071353570891019 -0.04329370709097874
-0.9177389269236287 -0.5501192547603126
-0.023651125017809305 -0.14878454598231708
0.8416523125864159 0.28097656353252326
-0.7817962333622865 -0.5212033977300119
-0.1778867553912875 -0.5266373933082762
-0.05974635505088988 -0.39241229590719423
-0.7454069026095826 -0.5946115632995862
0.9647100005819487 0.24143945531913333
-0.9593680675892531 -0.7771842237198884
0.41097209602393026 -0.14085678102691357
0.9310182846896795 0.26216422468625716
-0.2945092167328325 -0.44749881322997814
0.21178951585760042 -0.0175628240204605
-0.5652393278970429 -0.5309333682362414
0.9839390925752733 -0.033951246247958644
0.3383591268773791 -0.07485699605415005
0.38607948370394873 -0.16886755278566895
-0.6490581463672329 -0.38083407616794374
0.6608976105749274 0.14445713637647561
-0.5076244671413175 -0.5383162942181455
0.20839138656717981 -0.34408701440509815
0.6370241130720138 -0.2613552956035211
-0.16450709659092055 -0.9127389807091808
-0.8770619107073914 -0.5981232357047236
0.8145081057581716 0.3783287805324434
0.467730823521302 -0.21457162448714343
-0.23926804574411875 -0.4907444719002012
-0.2116168580149893 -0.5451513686349176
0.7572067541582423 -0.018178623552477263
-0.7763410643274757 -0.697243005616714
-0.13142644227558953 -0.5847480577891335
0.1371233736679529 -0.5680827894781755
-0.9607582734347526 -0.45125119132338387
-0.26970661956184916 -0.7820156073358261
-0.060922184129449164 0.14167888756664548
-0.5094669456707253 -0.7265399620674851
0.09929954034733846 -0.1623684072989297
-0.12772961708306108 -0.2199168385949087
0.8635021182999094 0.2350265949670775
-0.4102157841536056 -0.9671346893968749
-0.15753201756681445 -0.5083549042417453
-0.5003694958937448 -0.7650483125457274
-0.11593086728876068 -0.4282551201852647
0.1667717498954555 -0.1765280729494339
0.5204165899606765 0.17945786634633323
0.46685633328895526 0.0833025510756816
0.44420231435186985 0.04842068317811729
0.47701000767614676 -0.209778459398284
0.02348411715172327 -0.373802264997167
-0.4797168459049055 -0.39671674243790916
0.5413634110990568 -0.2923238211578239
0.01285310239532289 0.1903907578538026
-0.2691640943483842 -0.459604033542088
-0.6157982868870846 -0.5571843002778675
-0.6712471919438219 -0.9052178676130231
-0.7805418429559889 -0.939779626721587
0.460130309721847 0.3018556266480048
0.1251544345349045 -0.23652918703970996
0.7840313183324041 -0.09931070809030543
-0.6098501452952179 -0.5700084036803884
0.7895395695792646 0.46581260899427285
-0.9148668099525046 -0.6390925414508987
-0.11334041577652454 -0.6570032628244988
0.7866850436028012 -0.039134192947561736
0.3378352570226535 -0.3987460328172493
0.6422495306667406 -0.22623102316106786
0.3232747261598792 0.01509855615330849
-0.6638827964341023 -0.6852484551712903
0.3969936353134229 -0.275865696924863
0.24875569618465443 -0.1877947400227844
0.32000260558699 -0.04225986887443205
0.8857657808891453 0.15062369554073307
0.58691297018222 0.07166443161178707
0.9627727424943 -0.10390221973885466
0.9443533534652719 0.36749194738317303
-0.6833351251522362 -0.5067975890910318
0.4590465504769843 0.01864560689137615
0.5001492889779533 -0.05291162029913337
0.6684807875570564 -0.15496445087101945
0.8895195950960799 0.16535052380058143
0.49786631451434404 -0.3247620761585362
-0.6447453094555202 -0.7293988336559009
0.8344934540726152 0.1119947577625306
0.46222140660309874 -0.29671712722912946
-0.597746073718741 -0.5209790860098157
0.5443563592461231 0.2833558137920655
0.004376755653319631 0.08339721932276167
0.5263428837724264 0.26309341436052264
0.8540801447837161 0.10406643734297447
-0.6996023947034224 -0.8051191544808024
0.7809955632984888 0.16494506662379038
0.23076548564492616 -0.3619071631208308
0.7070005524626901 0.02988607753450756
-0.7942519628781743 -0.8421735621927503
-0.8541770615970956 -0.7879838091572784
-0.311764182646014 -0.1212904206220638
-0.3630676700191051 -0.7081574160943087
-0.22411257311759591 -0.4081387203704305
0.5663241556913061 0.1609466385289129
0.6859120608751126 -0.3043253587803989
-0.2585396377640068 -0.602765594489962
-0.4063861656343781 -0.5664500752655017
0.991794206494039 -0.10339387889883711
0.764841481444221 0.13523170587059938
0.6389443162061783 -0.31018752786635617
0.9486350754505863 -0.40504216499857176
0.12221002192177477 -0.2399255269680011
-0.33842922662512187 -0.5192167770647189
-0.3813528093805132 -0.20054451164514597
-0.7758350888765624 -1.0596967054863076
0.3152671382786121 0.2093125933407201
-0.4518769688576172 -0.41497110613498667
-0.29310878389034567 -0.6426995537571321
0.6732182086130079 0.26582794085515615
0.30495282806293367 -0.1655323414985824
-0.0801644259698604 -0.280981534152194
0.5959065440575702 0.06663754876570176
-0.4157054401896092 -0.4136986820315035
0.006681437511340871 -0.24566872551319663
-0.7319211956591458 -0.9658852957657384
-0.6704156696205978 -0.7381630513527023
-0.4367484415420144 -0.4406202286359054
0.2997838714160468 -0.013096686341343505
0.810009804215339 0.3678471900224138
-0.5737257795656956 -0.5597356121982472
0.04566633530717312 -0.16394816558866987
0.06837303852029342 -0.07770232154169551
-0.05107355197933661 -0.3489476263855794
-0.10462244685382194 -0.3429329429323739
0.4394161547115245 -0.2421691452698086
-0.04191027359402 -0.2577980461797649
0.3440615295093461 0.02993912240792418
-0.941222601692576 -0.5378280758130762
0.04713520002193383 -0.5252589954582193
0.9100866462566266 0.19501222714441532
0.11775843041504386 -0.0821355115232961
-0.5580467179460649 -0.5187107592144942
-0.2760319734782306 -0.44049064921532555
0.6171914458330503 -0.31833442754125835
0.07833939171078441 -0.12102117305669866
-0.7284394242098828 -0.9725667220105285
0.40013088117575113 -0.3216231701429154
-0.8328014794120244 -0.9999182145073375
-0.20712365502817498 -0.33664539809630645
-0.46501405064007995 -0.35061460599821775
0.14631417898141486 -0.2798854842917899
-0.21657067025205068 -0.690738914163066
-0.9852543169668233 -0.9212914533750265
-0.15644447306400422 -0.31386388220810735
0.8038986022887606 0.43800820355996956
-0.8864961940655798 -0.8798507350131275
-0.7440603758553719 -0.49216236338596886
-0.19007268325174786 -0.4719003665293683
-0.7569376103485068 -0.30853921672191764
0.19089577798878365 -0.02829499129553631
0.5268773443535024 0.10947307735205661
0.4324661673655379 -0.0005795835335205279
0.9569922295058886 0.2370648353550476
-0.3354562824748202 -0.25750383462765647
-0.8141649547748322 -0.571046841295535
-0.4661728179077409 -0.4042692011855117
0.6142103755335 -0.031376714347411794
0.5535087545932569 0.024706354415971542
0.6628646248368091 -0.229585229921628
0.3312065367549275 0.12604652505047037
0.587273506924497 -0.057426196201978745
0.4606799416305476 0.0791201018607535
0.23450308589943125 -0.06962693441378774
-0.3993520359655276 -0.5230768936621571
-0.4551352882980375 -0.44356760203454004
-0.8283355367734726 -0.776376530736096
0.02477721085306417 -0.18583168764743385
-0.6887533271079374 -0.7729099583655059
-0.5433583924734158 -0.6053923634665453
0.5161022456427589 0.1403922084641401
-0.9515180235209473 -0.42797232632736054
-0.591850331208047 -0.419256742702839
-0.8425416755769655 -0.6756576948848876
-0.6028019923710695 -0.6208057454989636
-0.8573991865321198 -1.0755390588623868
-0.3160556141431483 -0.5154189287905693
0.9407975278936089 -0.36550087796395164
-0.6058483233781657 -0.47964365223119876
0.4376333355060764 0.020863549110226406
0.6125730085394279 0.013540069873238438
0.4963772792296359 0.06730586733398826
0.7609302483336331 0.22504625293226768
0.6566726047657301 0.02155448665306396
-0.6418026342713352 -0.6000753529459651
-0.554674145804132 -0.5863204696454145
-0.9637003186936373 -0.7117237711708613
0.1030506934948423 0.15379434317515284
-0.027096350152646442 -0.559910905748794
0.49942450067742916 -0.06725786083482663
-0.6307960231706866 -0.6284114633826682
0.47832104921351326 -0.11264959268959376
-0.33712288918066435 -0.41113093049168437
0.24272337577795788 0.03577984814590193
-0.7927371091180349 -0.4641299945582882
-0.8768517898275974 -0.6717948697925405
-0.2610361862430235 -0.398693193095032
-0.4128861094611338 -0.8536291622483214
0.11310583962414666 -0.3432200752202074
0.9356947041958323 0.09966879443918586
-0.6422308398110452 -0.7655436160276767
0.18832789643119874 -0.31347418099438046
-0.7985184324566386 -0.697079005562706
0.3066618748880281 0.1030518234232165
0.704483832600743 0.330106760870198
-0.6774670593618211 -0.4926273659093421
-0.6856864352878724 -0.9281704103682109
-0.9412224454141678 -0.8139992489696194
-0.2882251358047212 -0.4894090036654539
-0.7575373197273032 -0.820882702778644
-0.1667535852107156 -0.42130613516365234
-0.8459809004268775 -0.6460311625808642
-0.78014296463718 -1.029880001328563
-0.4370526039536442 -0.448836317765234
0.6361711873974567 0.06561142504767517
0.9279827576826076 0.028556433733917114
0.6267583811705149 -0.5655783052479244
-0.004037220381392315 -0.16860228020345996
-0.5005011935692929 -0.5160337934996312
-0.4812290778435153 -0.2632755936263126
0.9015971133100458 0.1567334270063896
-0.5259795910852447 -0.6673106256384388
-0.1487385290960317 -0.14991883271636225
0.6326365741332753 0.1653750633657457
0.6195203963775209 0.0903578487587665
-0.5806948102881029 -0.38432792106852903
0.721470591177245 -0.23196759358692404
0.3836344016431079 0.09263790407215192
0.0012526632140452687 0.10216880364114678
-0.6628447395282997 -0.5560032204748087
0.7866895928056512 -0.1980158040929697
0.39546273760736095 -0.16104867096573244
-0.9412432841754197 -0.6415985336389236
0.07539801181236316 -0.16163989075576482
-0.5380983254873604 -0.47318955170148125
-0.6033497513067234 -0.8476515448330079
0.10322558766821266 -0.14194334655434726
-0.7489024567974918 -0.7167176481070991
-0.3008362816251515 -0.6425985604515022
0.12751218710232348 -0.3225921616626674
0.542237734968773 -0.26871473624300074
-0.6564402855021414 -0.7675277934157292
-0.9791167782719534 -0.731080276486765
0.4833336015757579 -0.01758363326696935
0.04873610403277562 -0.31127673047464405
-0.39026386206979335 -0.6736891676663079
0.11001130185034236 -0.06600680551791599
0.618524048578065 0.06281996505737489
0.29558220618176945 0.29758089508886465
0.5503484629757978 0.2930939369073538
0.8011479169322584 0.31605595461234515
0.9774217099768752 -0.36269889222490076
-0.3715736039018831 -0.5528292032331529
0.2829798209411085 -0.2033805606893388
0.764164890804407 -0.03696752849931667
0.206860087994019 -0.2982170889088928
-0.0487872894408683 -0.35054608777170376
-0.06614683182913783 -0.4210770722893386
-0.3729552903824016 -0.7146857651724108
0.340313017130387 0.09310548923430023
0.953775792108774 0.06754482145443713
-0.8291886972230529 -0.8210013371640731
0.44860078928983005 0.09852854780769146
0.1899478613810306 -0.12792743475396448
0.9265811490124547 0.3390626924845114
0.22283727983105206 -0.4860205644861704
-0.2536731412526072 -0.1753260847484891
-0.3097682018255963 -0.48079779429596414
0.46098950391582894 0.22161844614319903
0.657695468907334 0.3391953259426714
-0.7922259162377616 -0.695823884689304
0.28947745329823316 -0.2342044006407375
-0.7228119114792468 -0.8139856254526276
0.7329026788073811 -0.22723641374399306
-0.4751583123363754 -0.48815539524315765
0.0012456080745588682 -0.4870348683886951
0.6866578650021482 0.2504086834421539
-0.5497079963958766 -0.4059620194215742
-0.4907440957465621 -0.5807654844941187
-0.6034613300332328 -0.7049650278155475
0.1924103906147081 -0.3462546882008693
-0.6369912067639241 -0.8013062509256019
-0.41826415219180957 -0.30865525938075467
0.4481783026761348 -0.12612223407815296
-0.2856269260469939 -0.4240736004017963
0.6467660438024356 0.01191631435174715
-0.5362181551059981 -0.3200267788383672
-0.5628536919265388 -0.8690451877435021
-0.8202928322600589 -0.7202689204755203
-0.46725367311526056 -0.4067803553907825
-0.705597984767317 -0.8763917058521504
-0.8230610433080316 -0.5706041166527216
0.4359115348439224 0.09410871016793629
0.5996660332157948 0.041100899297962255
-0.137857755908962 -0.31410442825620954
0.41911993847533524 0.015443790664603968
-0.5594994680960761 -0.6663100315603449
0.2369158097947004 -0.09274047957298513
0.7181502145704071 -0.0593294691037667
0.6863894269945854 0.019284461076272737
-0.29549638950642176 -0.8809263198025521
0.1669523313785335 -0.4635411791785467
-0.09473577669740108 0.06395784743076849
-0.11644219470634232 -0.602629401534903
-0.671491554870222 -0.6773631684577714
-0.6294495044187784 -0.8191951834906555
-0.2099620493716905 -0.5112219497548107
0.14902139528813452 -0.20969578559969598
0.3180969418024311 -0.12775263688742566
-0.10911672963097918 -0.26122744342190385
0.5310962207068275 -0.11112069865615186
-0.46553789483316366 -0.48389457191134877
-0.41756577491638125 -0.31387709115593126
-0.06164453635171818 -0.7433110706462354
0.681039879168291 0.22339656845146064
-0.17626192375233085 -0.5625278343029214
0.0248946905350782 0.10216305448664459
0.8775439637080911 0.3285399424952691
-0.3385662911540148 -0.6046788216153133
-0.8928162090753489 -0.38883633790883765
-0.6198663592589155 -0.6857456517643961
-0.9155095250438505 -0.4807009474611949
-0.48718901564832917 -0.6623800236868819
0.9227639503828571 0.2898789746931538
0.4522847914111485 -0.38628941313278825
-0.38543507356028806 -0.5028557193027124
0.21530262802335054 -0.20685039587833637
-0.872708930993253 -0.8264013902440797
-0.45450096448540744 -0.14558391449767977
0.5703249805892372 0.2374261203055983
-0.9111046721355636 -0.776069554159551
-0.49699747738959554 -0.7048011524174738
0.4545683086308443 -0.0361089436883199
0.07028064988786653 -0.19380747180630825
-0.7837734569824162 -0.4207776829812076
0.13067351799216564 -0.16973586130966936
-0.5007614052138802 -0.3612616948683899
-0.5284352188388843 -0.5638786497541153
-0.767315617369674 -1.1873541003102894
0.7681543238990847 0.09521333264935859
-0.1817762269475378 -0.18381209822659955
0.4909661149243696 0.11741064979697799
0.3656895093665653 -0.24987502419523885
-0.27849174318967496 -0.5739945395659818
0.35633944779749194 -0.16011274950520699
-0.8208027164361198 -0.3525432377040211
-0.43816661751283625 -0.6177435688271361
-0.8778567137275968 -0.900221076841463
-0.49589616335654507 -0.24212738439070958
0.3368030579673995 -0.012002042627510243
0.7691331591201571 0.016515065505413387
0.2776846062310472 -0.04538684238954643
-0.04473131471570446 -0.6529781888075854
-0.8348162902867731 -0.8694479785123522
-0.4468849470010241 -0.7645151670214271
-0.6035026991519685 -0.8477621917846719
-0.1809493588463702 -0.30354999487335915
-0.659869605933018 -0.8495660543195079
0.5765963313999587 -0.04354002227835046
0.9651294061016 0.3597485276409186
0.24650886188723886 0.39426339285614004
0.40241599704356257 0.08760643531175882
0.7492046756649551 0.24767050123666812
-0.835289119434458 -0.6371858231483254
0.33176171679366284 -0.10458962726851466
-0.7140156814785068 -0.5947420733550884
0.793187614939203 0.07516103573783672
-0.4267473523490928 -0.3988338055209615
-0.8701038055320047 -0.701672839880915
-0.6721971507647662 -0.31899720341176074
0.4020975693479538 0.0374592546650756
0.9521294285004016 0.08454511818386894
0.01313663090756756 -0.2726803349118156
0.15720331810008314 -0.133018876717916
0.5752093186214389 -0.24440178662597162
-0.8555732124959807 -0.8143963090936617
0.6818148087830087 0.3906851870349936
0.5555112941540283 -0.05374404461376833
0.6569225841183044 -0.043564743463925956
-0.2591650906867109 -0.2922439332636766
0.02367071273016519 -0.4202996880256998
-0.04383544827147823 -0.008590617807255174
0.22262716769659407 0.0774113841644265
0.7736560926232365 0.2371225850484934
-0.2539401516732982 -0.6492776909647975
0.810658140938658 0.23339841278016074
0.2890200953607496 -0.11150712091673887
0.6817525734984393 -0.040405238868202686
0.43338039153495234 0.12763470167695196
-0.410625228026853 -0.8307086076157496
-0.8212182155836882 -0.7128238268364043
0.9334543382297147 0.12414842056655065
0.09881842759774329 -0.2823703291188352
0.04797200000114854 -0.5829385952284556
0.08852747479379897 -0.3201999611690296
0.7621686848980316 0.07704303591233944
-0.669629162851475 -0.1882017674676149
-0.3237300427158256 -0.6234041603401912
0.2066202635026102 -0.09777777992361356
-0.10585807195814878 -0.2642113099298541
0.169789518009829 -0.3680689013110664
-0.09086845021305434 -0.04237943396083499
0.7872602734644172 -0.031107722865552245
0.16747558015862696 -0.14180364989163385
0.6646106960385478 -0.0673389268537162
-0.1940921051760094 -0.2451355044732558
-0.7473338388727215 -0.3504164892937418
0.30048448364029023 -0.3276107784886596
-0.12787375389911593 -0.15755076762987913
0.700702629140247 0.3207814026157375
-0.7741069792395769 -0.7361217835833032
0.6008508589708048 0.289113391982699
-0.9867920848404872 -0.7778406023341182
0.9928886616291075 0.16805783610820904
0.6579652610195221 0.16855187238319613
0.6472919752525328 -0.18850157246735602
0.897933223090432 -0.23114288079912154
-0.03301633332239606 -0.33636601936633675
-0.8881299645505534 -1.0409133317249721
0.2119226756685606 0.17150633425959322
0.3722809930649793 0.001486086262622921
0.30432354229678693 -0.13089810519909312
-0.2035418214314877 0.1690767600838991
-0.5508270545279095 -0.4015579566006068
0.8156373064495455 -0.04685733399852099
-0.7536610841084839 -0.5168912560211061
-0.7214561631369367 -0.5741109141593825
0.1378891620756879 -0.1607549680075941
-0.8641264785111051 -0.560933930979543
-0.3985738526257354 -0.45172658658213977
-0.09414047364908185 -0.804074688116925
0.20327124165916888 -0.2645210652857348
0.6718135104580685 -0.14313962234182256
0.145825712294265 -0.3280834625787309
-0.05881059118661103 -0.0062141329349619245
-0.9021934313976658 -0.6679322785807318
-0.9094889057967293 -0.45742400959073987
0.11779821318910866 -0.2623238946772083
-0.908276730640901 -0.46517658536301615
0.9734461488434296 0.36296978171007355
-0.7828663586619826 -0.4669230514920647
0.1295506871746741 -0.5163348220100095
-0.7869635763463583 -0.7051491844318244
0.7448108631651356 0.43221693233703606
-0.2631566276140562 -0.1561920096270623
-0.7641636730393893 -0.5830787394086421
-0.9775364681069387 -0.6530932897373658
-0.5988216852183157 -0.6014867396861296
0.41045376132344646 -0.16733670889624952
-0.1000839848222923 -0.13061346652853628
-0.610074709611409 -0.5677727460514005
-0.43065018935151245 -0.4014867219066455
-0.4375470337019869 -0.4704665073355219
0.4889652167330416 -0.44001735470289
0.703485180945135 0.124811746019364
0.5498163932391384 0.002297993092417183
0.37157363002206023 -0.416709885038483
-0.9478962410293006 -0.860746887936945
0.32704609989785993 -0.1861753629136634
0.10019369262006395 -0.2879164477534938
-0.1271181469521423 -0.5321089908109025
0.9883976097824931 0.04417388109990858
0.6621742478088419 -0.008864010281308982
-0.45552348366471107 -0.5535664883204803
-0.3797077158221114 -0.33192378226333674
0.23748919734876384 -0.05307400954018571
0.3107397440550881 -0.271213337205933
-0.7385900703800883 -0.8092018877100559
-0.22581507687888802 -0.22648557232267827
-0.019464551548455722 -0.2691027030893076
-0.767651992354778 -0.4371723860800425
0.40475146909673865 -0.026843611188938327
0.8595959248646508 0.4386068775254148
-0.45558357400975025 -0.7901008364008024
-0.7153146678383866 -0.8320525262804799
0.40337602813692386 -0.10507106905889377
-0.34388672762555883 -0.44517744996287045
-0.7037104608794895 -0.2595348220677166
-0.06358822577026002 -0.7282730903325421
-0.7571147448804436 -0.46796596500237464
-0.39285017614529316 -0.04506550205843962
-0.9279509043753529 -0.5206282480458114
-0.22658900315793384 -0.26143599253905
0.3352741478449479 -0.008772322404990027
0.8313758047558579 0.26682137888536983
0.04252191556977336 -0.4265889680758842
-0.3776033350159973 -0.4959738201310973
-0.3179404708319409 -0.17284786083825138
-0.37821128187447917 -0.5484715535508493
-0.36546986088546984 -0.43303069570208313
-0.5710841222312435 -0.5285564518085722
0.4667670217507298 -0.18715181934939104
0.42697494604558295 0.25213629072008903
-0.7981625220241335 -0.7717324899363271
0.6182807974704732 0.32815774941248793
0.780095510526642 0.1376138677566191
0.862092883676254 0.4980202049604
0.4411125759562291 -0.0002842101223224647
0.1493790609975143 -0.23758431426736099
-0.7730496660818371 -0.34732683859528535
-0.1785494585723233 -0.4083142592970718
-0.599150343044615 -0.6704660928282038
0.6721827716788968 0.15181314222740866
-0.12810754064335383 -0.2267875294231344
-0.16465242780885947 0.08272887289774489
0.5445625255480613 -0.2160345432096246
0.20361965134432336 0.07638096398485128
0.7015277779766926 0.1548768008580422
0.0766581530194308 -0.19263366393669218
0.633548188791387 -0.04424787785600113
-0.07363863458480568 -0.41342378506452326
0.6735765569638172 0.17164466681098298
-0.8836086452171419 -0.9792809115503804
0.1262254930122475 -0.22670628952575678
-0.7822343709288591 -1.184678301839706
-0.7244839374622354 -0.20726898165052482
-0.3746174498842838 -0.32877830756356263
-0.09051501679190577 -0.47709856255023597
0.5714469419697501 0.16629302452177017
0.9605658615561941 0.1706938706023253
0.6401702782069048 0.5060733917246996
-0.5772758823098596 -0.6320873125018868
0.42529366803311897 0.09874952872651047
-0.44571625689365146 -0.8076024116273435
-0.5337977852119262 -0.2831098732400231
-0.11545022477114397 -0.13140120240154188
-0.04469964535454052 -0.17140895092855504
-0.36242446672437656 -0.7636531987707859
-0.450712768454109 -0.689633962911185
0.44806466914898246 -0.06163920720919446
-0.7349169272097789 -0.40833916122973957
-0.6268773874430573 -0.259229496630328
-0.11325252821394893 -0.5404626143920075
0.8730415407902661 0.15205205526055296
0.6520092724827224 0.1546569840726231
-0.6678851361003342 -0.5140259895051793
0.6083715746789968 0.16065008817995935
-0.13865847943985843 -0.1178229369455131
-0.6293135815452442 -0.8998610004792985
0.2159508865374331 -0.26999048499700623
0.06307120114587672 -0.27335022556414607
0.04267193266941405 -0.1777401409996219
-0.9980362845782167 -0.692226079656937
-0.9527013602754264 -0.7158155217276194
0.26188193439035046 -0.47796359566367613
-0.3034106370934855 -0.31049485103330043
0.8939160149972012 -0.20983750824718106
-0.36234710202265386 -0.8694652718108793
-0.4527464045470113 -0.7310403287287275
0.07917248434363411 -0.09480508063584323
0.6535485344250587 -0.07068422175497643
-0.35589936920436194 -0.20757654342581378
-0.909686145280477 -0.6357141818075934
-0.42031578332860686 -0.4924868434301751
-0.0015654022552815672 -0.3271929044394401
0.7177218009232758 0.2848220276076577
0.9061247566166466 0.0783557275883943
-0.4523331560780022 -0.3147574316655788
0.9115647727637377 0.027672927904929118
0.7943476998557146 -0.1119926232154057
0.208126789164224 -0.3242488948062723
-0.6288260449002001 -0.7721690441242185
0.936618166874422 0.1419047506726504
0.7960642510852773 0.010145526780481168
0.451151946906148 -0.08619177264213795
-0.5561202637918419 -0.3081992650114758
0.09150767475074062 -0.39273389921402685
-0.31058410218397237 -0.48190157067286193
-0.6497006712026163 -0.9634704687632112
0.3805296213363458 0.022218178216978385
-0.16320748511979666 -0.5187493148845224
-0.9169018978870171 -0.6571419779397223
-0.009136081751558889 -0.3626693993123298
0.008954312066701942 -0.6675875336837844
-0.8203054385403521 -0.4140260241623975
0.23020093314345935 -0.09652337137750651
0.7324895164636198 0.2903677527540315
0.2514348140326479 0.07381325373943076
0.516426464154059 0.12432615740336495
-0.33255596625583506 -0.3026880559509312
-0.7345454417726744 -0.8137648065412583
0.8797401527510873 -0.0900419411683421
0.6196083114935893 0.1476479992465219
0.8117132053375822 0.0223414910596611
0.2641545808021839 0.15485129677466042
-0.44913352187938926 -0.7959593653566146
0.25739761096680125 -0.41690865091115653
-0.3526958521971424 -0.7034524785144618
-0.1780262035611202 -0.49320024695188824
-0.8137540901857174 -0.8316116990775768
-0.11270330512398297 -0.35808370206173523
-0.3179375712213053 -0.3322649179706139
0.1667501122594479 -0.23732581546435666
0.2652908931801694 -0.16049382370202153
-0.6032549537496503 -0.7841646808277796
-0.805598900626536 -0.8711149444815903
0.4579176363947963 -0.12395559479623709
0.063147173213282 -0.1674297787324599
0.9079819983691355 0.041077416261875735
0.7532825557574221 0.06347770365732396
0.7546844394241083 -0.1330300888049328
0.6224406406780703 0.21120026030747835
-0.6383248753098327 -0.7434182983888575
-0.30204429195423765 -0.6220023488587493
-0.46238315266167773 -0.3817214114751205
0.830451879523171 0.3290464389705407
0.1775288959474013 -0.14218300279571305
0.3512885402771935 -0.15410390839934407
-0.6767387934984432 -0.3776591253745916
0.893825486766239 0.11475698409367298
-0.38350847066898797 -0.8748782183762025
-0.6860499224511185 -0.6737118903329237
-0.5877173936769804 -0.24675863052615232
-0.20109187813716867 -0.426671819388691
-0.6228554905032857 -0.6962921424752802
0.49702623084648856 0.0035720717670833513
0.5129080530992662 -0.24904370965019934
-0.5344724320500043 -0.7766724509290491
0.8566482078498678 0.24133606139447794
0.2180379970178723 -0.19097672134342253
0.4926076157593273 -0.401024756517611
-0.5409708502444723 -0.8123508980218344
-0.0866372279898957 -0.24398073587288388
-0.3308333266928569 -0.4012042530618124
0.8456937136483957 0.0039194700013114175
-0.32567351215978735 -0.6450918418741307
0.46777039106685714 -0.20212558141429582
0.9247946102400961 0.26954644331882055
0.6555596907370298 0.12816479239640438
0.5361264354546793 -0.17150672528466412
-0.38032194691989174 -0.6780819889134023
0.7732018923695325 -0.07966919879241952
0.12771612290842116 -0.36613468594602644
-0.332741261952872 -0.46120302324010376
-0.40150832904838607 -0.7176053263162627
-0.7826660181047875 -0.7082325766407044
0.10061526845757252 -0.15847771810332678
-0.5612085393316637 -0.5245913233493021
-0.36777978083946095 -0.2862001222135316
0.57238369110499 -0.15726936926205712
-0.06100906813225748 -0.0629824035728841
0.046934320208196656 -0.01756047956790968
0.09123167468419724 -0.0029265251552153537
0.26517712525743686 0.008387769044926413
0.9998955472828519 0.44992632171167773
-0.8496555834805715 -0.562705173638339
-0.5819239219617698 -0.6847564792491087
0.19817258822540684 -0.21230528939264817
-0.5142119593388264 -0.2592773187386547
0.8513304819114036 -0.12804490730778834
-0.6014431382156311 -0.5630737228480539
0.04743097241058791 -0.11488800241397729
0.7042213752292596 0.377417346509474
-0.1558259625237215 -0.46919717941948624
-0.15392763153302225 -0.47674037731505103
-0.06521172752555615 -0.6982148418541793
-0.8743145733453872 -0.9218295891682032
-0.6406487315036522 -0.9164373936375797
-0.29978343890693515 -0.6151467743953416
-0.11679304622969044 -0.5908604582371335
-0.13039599542128655 -0.4300241056952026
0.1182330691670268 -0.1445365492281951
-0.9166155434189223 -0.9319131962314136
-0.9346904299555874 -0.8814877276950177
0.10576494273015524 -0.8223775733891421
-0.9649973508583747 -0.6804919400994862
0.8823336552282095 -0.003852374777973455
0.6451436957806451 -0.026793941954830786
-0.033872460999006204 -0.4192954828973302
0.4416950153413288 -0.1165076757002903
0.8191137084878111 0.3456744953067017
0.08485764940118079 -0.12787603263735167
-0.5354142967073703 -0.48244806358323045
0.9335342051381961 0.3960091402343886
0.9827088877693666 0.1848529687944785
-0.4325823147802348 -0.50486865586684
-0.944511829570108 -0.598520867870328
0.29747581693619063 0.3199823979592784
0.7588358206561181 -0.03129824553038789
0.27051399000348586 -0.23330019615365902
-0.11493852727545151 -0.37150799472410156
0.586441312569089 -0.01175366143497867
-0.7714760964344032 -0.5578059730784659
0.1816615135514712 -0.20807996906437665
-0.2814228611103524 -0.6594748690445814
0.5533193411733419 0.05205586267193174
-0.13646239814205186 -0.38194393101946095
-0.5602882536777543 -0.5455341927482736
-0.20639835878928348 -0.4324188363401384
0.8894986934818205 -0.12817302624194143
0.2970421302830406 0.040148778228116855
-0.612784599385479 -0.33067219686315213
-0.7077201696009565 -0.6671724624455379
-0.37770596997771344 -0.9807916241760273
-0.8080142390464584 -0.8184028468439228
-0.004112282572302339 -0.0284417894861842
-0.5241831402377048 -0.6472816282094017
-0.8659470789409329 -0.703499332560058
-0.36333059690329805 -0.3175964626428611
-0.7476331012643911 -0.9124951942018159
0.7948496074889146 -0.10597093288484591
-0.7264516333587212 -0.6426779279025169
-0.3873761335196617 -0.4880085579290372
0.5855080480861867 0.1173373206765385
-0.15965945647339042 -0.5156123735573204
-0.36931565685507084 -0.5587524764199651
0.10113465178217473 -0.1892948478421556
-0.8643787996757508 -0.9270029887617013
0.16981006727634385 -0.2614731247194757
0.24664090264597593 0.11764416421273094
-0.3467455957087202 -0.9758866368745216
0.36044784413864495 -0.1259938221177992
0.14127892315674573 -0.0337983116153705
0.27200388846630696 -0.2133356065053035
-0.27939726410171417 -0.2099544986883845
0.9421010810813226 0.11142938736535361
0.5316216073180089 0.19287497319642816
0.7873632308024663 0.4034582996870461
0.8850679519774252 0.27701410920152375
-0.7438987631530205 -0.855102375197129
0.4170611605189001 -0.008523349307183
-0.24772198768806386 -0.18632978818159426
-0.6534093516402499 -0.524947576141608
-0.050238172504939005 -0.2501290363820702
0.22989259250294158 -0.284454730655589
-0.8624480913570012 -0.9638089703604132
0.9159200497050544 0.06630007086187943
-0.7625990450204521 -0.8593684396555864
0.833556917780172 0.38287963872689357
-0.04836930768902792 -0.2689429199122276
0.2725136914329105 -0.29170604682268453
-0.5912038497654415 -0.34325908187700854
0.6211843528631433 0.13206438392513595
-0.5602134981648044 -0.571524755254643
0.44042029047382125 0.23984309875156962
-0.10746878363240575 -0.3683670235413623
-0.8924198379861046 -0.7349080054930998
0.7395808820161653 0.22899421681710702
-0.44217174418454097 -0.6566184793056906
-0.2439922384158546 -0.2797014279579833
-0.9781746176286588 -1.0148294965370304
-0.3381210994863939 -0.5921979721720337
-0.9866775294068386 -0.8314795804017435
0.19826945347086844 -0.5855301946410514
0.9340029171513204 0.12596700935064006
-0.2045280639509104 -0.48228776737358625
-0.923747360200794 -0.4885905830732486
0.14947428541774777 -0.557090401669292
-0.5992906535696851 -0.37897071599473076
0.41629642626937113 -0.33637204565284473
0.8251782326119814 -0.017063961558584723
0.03314129953819167 -0.31558045972973575
-0.3341112965594901 -0.4961541459678692
-0.43201456516822523 -0.6165508196603416
0.14615761316366327 -0.12272741873050717
-0.22098918053900052 -0.42220862383252794
0.7301514923283712 -0.07211030970512758
-0.7631550582386619 -0.8999374145626364
-0.28761348709298473 -0.3473215238146337
0.5182752275733276 -0.13140983732260147
-0.025905512925752383 -0.38048258932376067
0.6441843836123027 0.20651961974925212
0.17022550759672694 -0.3901181668367978
0.35890480070227593 -0.13488694099548948
0.328197468860973 -0.09504919043827903
-0.9224781965523035 -0.7543467774548556
0.5106448421043683 0.1629967305267936
-0.812302108174388 -0.680057329026393
-0.05614764379852 -0.5061042713067638
-0.7969178543722548 -0.6520068497259593
0.07438650866434093 -0.1739956146141704
0.6473277005718512 0.10865664317976942
-0.7878727970951969 -0.5822668026042637
0.9928211242189706 0.2501496119496773
-0.3644885547420589 -0.3107711345522119
0.15620600172970245 -0.5147282272713778
-0.11970213163752863 -0.3012088879665567
-0.9142922807817653 -0.9220189829207586
0.47656367305884917 -0.07456456281184005
-0.3585312853601439 -0.20553488810707932
0.42326306937022196 -0.06942107106051659
0.5919901890512265 -0.5323069326175971
0.7628136624519863 0.05226059503358488
-0.8287981973867409 -0.7688053697780163
0.5524180620222896 -0.20239502273037174
-0.5674084115573363 -0.4487677139098728
-0.7892592924683253 -0.49629380847116045
-0.039831332720901 -0.3026798460175623
-0.4385031672111932 -0.6687953470930658
0.04019952446175434 -0.2622811896039647
-0.803981737750532 -0.9030107843625159
-0.4808235401510883 -0.33095833907445793
0.7072198056942052 0.230252920521548
0.3908604865410965 -0.2446439269285401
0.3552737263150565 0.09595043246991752
0.38356463742782543 -0.301936206456132
0.6162451954894923 0.04451724592501951
-0.6212210764038211 -0.8515477538560787
0.008704007456482588 -0.23990017218094667
-0.06626206406579449 -0.36416639512030496
-0.5791894510510609 -0.6347445538820236
-0.41873144661551054 -0.7830045335769138
0.40429494815637135 0.05646982716430465
0.029079164363554177 -0.2739904911940139
-0.23257552669161163 -0.3586958476309263
0.5816961864549306 0.14826109067690801
0.6595703235627357 -0.026542005299568232
0.8416316870430602 0.21830164391760043
0.9647012772083723 0.22496750803311702
0.43238290058188245 -0.2681385707506816
0.5413601126647436 0.06538405258939922
-0.36727234982412416 -0.5993885097968563
-0.15527336443528772 -0.12326226249132372
0.38710516254520133 -0.13127054902851681
0.6999549286340672 -0.035611038422615135
-0.9220440328036452 -0.7376266198430159
0.37749978063697576 -0.3709578228334186
-0.33413588789700555 -0.7244200535110221
0.6614349846711707 0.07629054341497819
-0.33623652747002675 -0.4073271590437234
0.6103881610796282 -0.032870489839386216
-0.6249125650046248 -0.698408336034626
-0.579695654555918 -0.584822208601331
0.18617416568874212 -0.06726726280478246
0.2891585771649394 -0.17447897656257924
0.5755560198864023 -0.1701670625968439
-0.42829843576742177 -0.685774375288744
0.4486706269702947 -0.08600774492599417
-0.7232972407851426 -0.42511762788473006
-0.14097291769540132 -0.2503570479708575
0.10631408093592243 -0.3391222708222244
0.30855844877581395 0.24567266175194252
0.6580632705691498 0.3886027473555083
-0.5469808909775409 -0.2737857627942167
0.46443873380389844 -0.0022148095565782955
0.7538204210552903 0.49192681975302827
0.2933091743748182 -0.23923064964917323
-0.9541203945012249 -0.6610876184402659
0.34472294625085054 -0.16013825263147585
-0.6459026984403737 -0.3488064763671247
-0.08143652261380363 -0.07451035716085247
0.35173231101328883 0.00816368812353574
0.4007964646885098 -0.09328553959346782
0.4610556747163359 -0.5080362168248029
-0.8701757795330496 -0.48559441758300687
-0.911510539859762 -0.560825102520281
-0.8765535227976542 -0.5110941846109704
-0.5337226163345465 -0.3328315024060977
0.6631216414934873 -0.048375713805802356
0.9644996620010524 0.34269345977898874
-0.6926207503551631 -0.5237870242991203
0.17587874014405092 -0.4670806271417744
0.4101666582977088 0.0974440256616893
-0.4030606095427598 -0.14182750729766053
-0.6849070160384592 -0.7302466055446477
-0.07869601102488244 -0.24284129666014392
-0.9726607867896033 -0.8242118479299627
0.2474610761934859 -0.15032125866472723
-0.6370480583644833 -0.9012155142933875
0.06370008326951826 -0.2700912512077233
-0.2139879206556199 -0.7258258745313231
-0.8781681375873638 -0.543769788859346
0.42700123344948837 -0.08253036729076264
-0.3051968196927277 -0.57101157074322
0.39393780053888205 0.03372308533061122
0.4832121650752512 -0.002584662005620436
0.6912586642173892 0.18896659998918477
-0.8530820553087708 -0.7315900489553866
0.39272350255803024 -0.08314532159215807
-0.706523726978405 -0.8248529190250687
-0.5592642863617612 -0.6293085403086445
-0.30559247262531986 -0.8577640623605667
0.2024151347948464 -0.27623760004883025
0.016461674882800592 -0.2781724521856233
-0.34594700606687234 -0.5321628258748959
0.18710767133858197 -0.3672859636674408
0.6708028797319607 0.23600257596542143
-0.9237783957605945 -0.5773005936799321
-0.4438078480359442 -0.7063927637674696
-0.0906805373875923 0.009602648365178268
-0.15566999425201433 -0.2950996872156917
-0.9089638047926747 -0.7313411019783709
0.9580157772691971 0.1799717183754759
-0.8840869334365657 -0.9467534473585333
0.3444171244931933 -0.07619427803899224
0.3619069274632085 0.11713719469726205
0.027801661122170973 -0.4054837713138974
-0.30196721714248964 -0.28127046201012823
0.6697841726122149 -0.09763440507468527
-0.8854240442094587 -0.9554246539313164
0.048965792823662646 -0.3097765217276729
0.49366362875838665 0.07511305653252134
0.379791686548659 -0.30539187035702087
0.30253167480347387 -0.3164421188835919
-0.42416113124874744 -0.4667174259086167
-0.2618420670063688 -0.2904373372857537
0.6953438230000115 -0.22675139445785908
-0.25137897730748504 -0.22156219398985907
0.18169091875066679 -0.2061187195735963
-0.6072658634730488 -0.5014043479243441
0.9453006944196849 0.25679296571834637
0.17954969523692044 -0.10369287739303606
0.6321306878678481 -0.15095202235754107
-0.40786615448319674 -0.41350356883035183
0.2400478967971642 -0.12592339715343537
-0.606204679943779 -0.5702099054350356
0.3244351041660729 -0.24041698661856398
-0.4259529508302664 -0.4020059678911946
-0.6922566755558526 -0.859896200009776
0.8404230871743379 0.2772360548846942
0.0645190530715607 -0.21129334871053904
-0.4988109079184222 -0.5093973304966848
-0.46487152219379047 -0.3105518551594719
0.5521452272500973 0.06809622820162702
-0.27101569462399433 -0.5380414395786431
0.32897051850185965 -0.12664023131976168
0.3905318100690838 -0.15689269513559925
-0.5785144275385414 -0.5847901330154665
0.29145390702720286 -0.2839047492244721
-0.22882353408042766 -0.39266214662166615
-0.7661639378114466 -0.5508573445855537
-0.10026571970384612 -0.45304170881305594
-0.966375095976586 -0.7606802686422574
-0.41482986161589297 -0.40024719511384044
0.19726419983081955 -0.22669517893322513
0.47740913027304166 -0.3706678071046937
0.2482450139971859 -0.05083673564199939
0.7641156768830859 -0.20994216946044852
0.636255713474088 -0.42355164876338025
-0.808689941755609 -0.6056021290530138
-0.4860137518396388 -0.5111558118647104
0.9612867209740688 0.1719155454639559
0.8221194020329339 0.059140039745086866
-0.5099869900956944 -0.5737785257178564
0.10201668351694115 0.13919616669630913
-0.5337384791556166 -0.7728922477545547
-0.7337183751103586 -0.6100919361353186
-0.9244442497765202 -0.9912200305979778
-0.05010838438099485 -0.21419427027874963
0.8993779631700238 0.31408228091332235
-0.3335424780580698 -0.9370652337246858
0.4774780030162611 -0.08957119869573862
0.3436987035859498 -0.42889343559506105
-0.23192545520538066 -0.4830545917471793
0.3358664029223213 -0.24382203241507588
0.23487319706606713 -0.3434992352224022
-0.1065096005927948 -0.3167353726971222
-0.9916701001242052 -0.4855930099166728
0.254227152342011 -0.19439544646651716
0.05905721076914605 -0.30992372812325575
-0.8106511282663369 -0.35832772736128543
-0.34294047398096406 -0.31260480238406624
0.6257091201348202 -0.1745534324902599
-0.2812269791448081 -0.6390111182886429
-0.3733753020762458 -0.4879334624110081
-0.4464873199852364 -0.4024315020046089
0.5474047734869592 0.1484059679989689
0.25992323322259914 0.07466490796000078
-0.042669387775397416 -0.6126005048230345
0.5771145506255229 -0.04442155174363145
-0.6468690393010128 -0.5776045018236763
-0.8048724213175256 -0.46591177806559164
-0.45877670946411775 -0.79525689147303
0.4094999371619401 -0.020040999962715383
-0.8060753684442508 -0.5078037464155044
-0.24828205029266326 -0.34623037390798816
0.3300701683059364 -0.19308463563333267
-0.19925336560814522 -0.3877096563143402
0.06150631693246256 -0.06527541949501076
-0.8320992501509625 -0.5123117094293095
0.6046752011726211 0.27471712663004977
-0.2736407053654173 -0.4598154798354207
0.8553429090193774 0.3694266395165331
0.11389783908710549 -0.19619887195084937
-0.8568541158961669 -0.9268297562100383
-0.7463255455428113 -0.22496500945761705
0.9548191878179813 -0.17928453177983128
-0.5721414105453833 -0.3886541442979231
-0.9743394885814876 -0.4819478572484055
-0.893961017626747 -0.7290314168838978
-0.3245044673381998 -0.6265581420890752
-0.5366563078348001 -0.5310431478169656
-0.2563281565167941 -0.7811941151636923
-0.7000632506675313 -0.40529742677541025
-0.657885850463817 -0.7267875884698608
