-0.3875356409023891 -0.623802118394322
-0.46987286878498846 -0.8735477359012778
-0.6078798736976971 -0.6776347458070088
-0.1389570468659047 -0.6875528661059276
-0.9537728960158895 -0.4807852780482629
-0.6084361698320273 -0.5093300448095306
-0.2943894230625488 -0.2644219489509715
-0.5535159613085228 -0.38466393024879475
0.22704371139309165 -0.1695696300898717
0.16091422317770832 0.12390329875886469
0.7071353570891019 0.2239462221183401
-0.9177389269236287 -0.9098465259255616
-0.023651125017809305 -0.7693514255861647
0.8416523125864159 0.14267389486650037
-0.7817962333622865 -0.7809297394107536
-0.1778867553912875 -0.47153786704018674
-0.05974635505088988 -0.2660764258436756
-0.7454069026095826 -0.7809250421893301
0.9647100005819487 0.3720882956563159
-0.9593680675892531 -0.7493970251781852
0.41097209602393026 -0.07913346491240861
0.9310182846896795 0.15362906357591846
-0.2945092167328325 -0.4612823483446001
0.21178951585760042 -0.30733505190345217
-0.5652393278970429 -0.5204185911474937
0.9839390925752733 0.3368113076238031
0.3383591268773791 -0.027530430971972886
0.38607948370394873 0.09824587844153526
-0.6490581463672329 -0.520498551993672
0.6608976105749274 -0.14351890396196032
-0.5076244671413175 -0.2536992047433645
0.20839138656717981 0.037490123130738684
0.6370241130720138 0.11689495323236836
-0.16450709659092055 -0.5287059918591732
-0.8770619107073914 -0.6024697346720816
0.8145081057581716 0.20905342250655368
0.467730823521302 -0.23364183304866543
-0.23926804574411875 -0.2901050510959887
-0.2116168580149893 -0.4033005349373524
0.7572067541582423 0.39052119784257383
-0.7763410643274757 -0.4812514581285918
-0.13142644227558953 -0.29817468747952186
0.1371233736679529 -0.4919603952159127
-0.9607582734347526 -1.0040879950887303
-0.26970661956184916 -0.17295028500933507
-0.060922184129449164 -0.4341044916954415
-0.5094669456707253 -0.6333583321799148
0.09929954034733846 -0.041756531098152194
-0.12772961708306108 -0.34892176685773507
0.8635021182999094 0.14963846787843127
