-0.7826660181047875 1.0458127273426605
0.10061526845757252 0.762593087776543
-0.5612085393316637 0.34239269614645035
-0.36777978083946095 -0.9984481590319452
0.57238369110499 -0.20088616327688372
-0.06100906813225748 -0.16479914008375546
0.046934320208196656 0.24685896998596463
0.09123167468419724 0.5655425355273466
0.26517712525743686 1.1205171968494958
0.9998955472828519 -0.10131303401273055
-0.8496555834805715 1.1404975493201512
-0.5819239219617698 0.6339049914585446
0.19817258822540684 0.7821938840232137
-0.5142119593388264 -0.008071262419029404
0.8513304819114036 -0.8664269233491493
-0.6014431382156311 0.5900519938079757
0.04743097241058791 0.06358737252594887
0.7042213752292596 -0.8695589835311395
-0.1558259625237215 -1.299425682303757
-0.15392763153302225 -0.6835315543150495
-0.06521172752555615 -0.37138218273252893
-0.8743145733453872 0.6546456933666152
-0.6406487315036522 1.0369993154846506
-0.29978343890693515 -1.1559238555785893
-0.11679304622969044 -0.5344256434997752
-0.13039599542128655 -0.6360941176533682
0.1182330691670268 0.7183272885038534
-0.9166155434189223 0.40922914521815384
-0.9346904299555874 0.3188095282129817
0.10576494273015524 0.5154778910282938
-0.9649973508583747 0.43944607625650556
0.8823336552282095 -1.0078684907661124
0.6451436957806451 -1.2021335560439037
-0.033872460999006204 -0.1916464787228359
0.4416950153413288 0.5899600094535961
0.8191137084878111 -0.8425394885216437
0.08485764940118079 0.055776492162473656
-0.5354142967073703 -0.0429033836062796
0.9335342051381961 -0.37229764240255736
0.9827088877693666 -0.19387092176006435
-0.4325823147802348 -0.380200238338868
-0.944511829570108 0.7431156219901056
0.29747581693619063 1.1583050959965777
0.7588358206561181 -1.0897402506583636
0.27051399000348586 0.9993611112832335
-0.11493852727545151 -0.7994679800670719
0.586441312569089 -0.34899100623247503
-0.7714760964344032 1.2090523027367894
0.1816615135514712 0.646266798561192
-0.2814228611103524 -0.7930203400263661
0.5533193411733419 -0.12476201564183004
-0.13646239814205186 -0.8329831673284076
-0.5602882536777543 0.6233277906246144
-0.20639835878928348 -1.313465978234794
0.8894986934818205 -0.39052238091477476
0.2970421302830406 1.0274530874989598
-0.612784599385479 0.8262903291796925
-0.7077201696009565 0.6667568312070167
-0.37770596997771344 -0.579461850966744
-0.8080142390464584 0.7184468833133444
-0.004112282572302339 -0.1809308306691098
-0.5241831402377048 0.055931228942148054
-0.8659470789409329 0.7588204094516174
-0.36333059690329805 -0.5921255765163993
-0.7476331012643911 0.8311275553445807
0.7948496074889146 -1.1416397340863884
-0.7264516333587212 0.8662019264294455
-0.3873761335196617 -0.39971001795600475
0.5855080480861867 -0.2609795818499742
-0.15965945647339042 -0.6319084413147631
-0.36931565685507084 -0.613316630845326
0.10113465178217473 0.35814813894268527
-0.8643787996757508 0.571435999320969
0.16981006727634385 0.8215986177374612
0.24664090264597593 0.932199488682145
-0.3467455957087202 -0.8278775733977537
0.36044784413864495 0.9202287504958551
0.14127892315674573 0.4569931846573041
0.27200388846630696 1.1357297383228122
-0.27939726410171417 -0.7036125194142271
0.9421010810813226 -0.3365195456850703
0.5316216073180089 -0.17420270494119433
0.7873632308024663 -1.022261761596581
0.8850679519774252 -0.743674570034246
-0.7438987631530205 1.0627046755654814
0.4170611605189001 0.18071493472441147
-0.24772198768806386 -1.1007793344654688
-0.6534093516402499 0.7480359496058602
-0.050238172504939005 -0.3164511754003451
0.22989259250294158 0.8811282687854927
-0.8624480913570012 0.7322428399534263
0.9159200497050544 -0.42754583995676154
-0.7625990450204521 1.1670717411493525
0.833556917780172 -0.6288697117752189
-0.04836930768902792 0.012324700922074272
0.2725136914329105 0.7748557286506379
-0.5912038497654415 0.3498849804006736
0.6211843528631433 -0.2658674561134288
-0.5602134981648044 0.18774478235195463
0.44042029047382125 0.3788997426635369
-0.10746878363240575 -0.42129987611495195
-0.8924198379861046 0.5139420094339365
0.7395808820161653 -1.276488520806309
-0.44217174418454097 -0.5652685318243029
-0.2439922384158546 -0.8165452780415452
-0.9781746176286588 -0.0123491542701753
-0.3381210994863939 -0.9254368499959649
-0.9866775294068386 0.5395158433810849
0.19826945347086844 0.8348325750251995
0.9340029171513204 -0.302246433786349
-0.2045280639509104 -1.0142140557289647
-0.923747360200794 0.36493305763849515
0.14947428541774777 0.6938565916323531
-0.5992906535696851 0.6416885279053156
0.41629642626937113 0.8026039311230377
0.8251782326119814 -1.1166048283735885
0.03314129953819167 0.3544507795332109
-0.3341112965594901 -1.3421169753579856
-0.43201456516822523 -0.2893618442325883
0.14615761316366327 0.7546243893562448
-0.22098918053900052 -1.1347999392336243
0.7301514923283712 -0.9721129957157814
-0.7631550582386619 0.9660050706345846
-0.28761348709298473 -1.0564489775258983
0.5182752275733276 -0.23885141965931916
-0.025905512925752383 -0.42224129956237394
0.6441843836123027 -0.8418681593496051
0.17022550759672694 0.818606556915048
0.35890480070227593 0.5785452055946843
0.328197468860973 0.8035517652592555
-0.9224781965523035 0.7246130590229474
0.5106448421043683 -0.20775214612062165
-0.812302108174388 0.8313593168892537
-0.05614764379852 0.04320936469605219
-0.7969178543722548 0.8157763286935498
0.07438650866434093 0.17481810746822107
0.6473277005718512 -0.581635096324466
-0.7878727970951969 1.1813810847992248
0.9928211242189706 -0.1419522987324407
-0.3644885547420589 -0.5434821134241411
0.15620600172970245 0.9943570100649367
-0.11970213163752863 -0.5230311905206034
-0.9142922807817653 0.6825585776010736
0.47656367305884917 0.009029168067651
-0.3585312853601439 -0.8389017495718801
0.42326306937022196 0.5417791204488261
0.5919901890512265 -0.48725826208180606
0.7628136624519863 -0.9942609605890654
-0.8287981973867409 0.8335766266616762
0.5524180620222896 -0.22677521840866566
-0.5674084115573363 0.4107456029787301
-0.7892592924683253 1.1462724887912936
-0.039831332720901 -0.19597697877539022
-0.4385031672111932 -0.6027733700227478
0.04019952446175434 0.3058673954016108
-0.803981737750532 0.8811214244583215
-0.4808235401510883 0.12349707168768463
0.7072198056942052 -0.8500830409644289
0.3908604865410965 0.6487447789399882
0.3552737263150565 0.6408170141903129
0.38356463742782543 0.38818251588562364
0.6162451954894923 -1.1976457124282809
-0.6212210764038211 0.8305274524750906
0.008704007456482588 0.3257363622218524
-0.06626206406579449 -0.5528499585335216
-0.5791894510510609 0.40617411648926505
-0.41873144661551054 -0.6280658884614339
0.40429494815637135 0.4689597931787107
0.029079164363554177 0.17262243767645508
-0.23257552669161163 -1.2130477544062543
0.5816961864549306 -0.8277098127388098
0.6595703235627357 -0.5137503136409604
0.8416316870430602 -1.1859525478934527
0.9647012772083723 0.25216539546772176
0.43238290058188245 0.240378329581711
0.5413601126647436 -0.16897623949487406
-0.36727234982412416 -0.5966450238031265
-0.15527336443528772 -0.724769252052519
0.38710516254520133 0.1893056937197296
0.6999549286340672 -1.080557862556828
-0.9220440328036452 0.2555962493365895
0.37749978063697576 0.6256240998431903
-0.33413588789700555 -0.8234070523061741
0.6614349846711707 -0.6298751313719031
-0.33623652747002675 -0.7068867928481383
0.6103881610796282 -0.5129817616256227
-0.6249125650046248 0.5584347478154457
-0.579695654555918 0.39453274554757733
0.18617416568874212 1.0638012629844962
0.2891585771649394 0.7068788697490216
0.5755560198864023 0.026863684747798933
-0.42829843576742177 -0.4604504862584143
0.4486706269702947 0.36766485254779
-0.7232972407851426 0.7163639208986914
-0.14097291769540132 -1.0239041141058158
0.10631408093592243 0.991200564943592
0.30855844877581395 0.9339661977832614
0.6580632705691498 -1.0290715551088336
-0.5469808909775409 0.3258379655593044
0.46443873380389844 0.5926263110279222
