0.11389783908710549 0.5694917667696759
-0.8568541158961669 1.1327391222414778
-0.7463255455428113 0.9682338089383794
0.9548191878179813 -0.3521079283219472
-0.5721414105453833 0.5752533354412673
-0.9743394885814876 0.02839708254324838
-0.893961017626747 0.9313792892413776
-0.3245044673381998 -0.6263179129782999
-0.5366563078348001 0.3785820415594029
-0.2563281565167941 -1.2215172514953596
-0.7000632506675313 1.0792485916924812
-0.657885850463817 0.8811187696405299
-0.7812011204237572 0.8995636245594056
-0.7656133658647128 1.2061363949196506
-0.2797716774872059 -1.30795104929594
-0.7028269887010477 0.9541803929288644
-0.9146464038412718 0.46837372864780735
-0.582017351610379 0.4610426660791986
-0.28180724278563285 -1.2870208035201316
0.5130702302507826 -0.14649410063116336
0.3583347071969698 0.7730992224468041
-0.08572545226880868 -0.06634669226723539
-0.8159286110849329 0.7538826651547386
0.7066639076700303 -0.8642458165255511
-0.710142023512748 1.0575224224237016
0.9388443329947371 -0.527829806894387
-0.4887690799269988 0.23254738906719025
-0.25008979878743753 -1.1247377004242944
0.39253322568602145 0.6995382776371347
0.4072156058927363 0.4508711707179721
0.6514930489130175 -0.6625848408254208
-0.302296796933343 -0.6232477230751722
0.5055852727496672 -0.2129391212953199
0.5147107536654567 0.11408727310597504
-0.46749340338784195 0.06760220629418273
0.5761409553381465 -0.5094345509633263
0.8517150909900049 -0.5139480687544017
0.8640590680378948 -0.738452206474348
0.7332142935516743 -1.02282992994005
-0.5871874361721467 0.6603923030640262
0.041357356336524154 0.04479376488083783
0.9775050053772378 -0.5209795882526252
0.8392278253179748 -0.866775510409889
-0.40238123739836995 -0.8724639507484644
0.8230021318200764 -0.5310901097009734
-0.001138429650683337 0.10819268627233183
-0.9181152199577187 0.5090373680469263
-0.61776538662744 1.2450925632392362
-0.6968351693368406 1.1185795936886576
0.15942237197749742 0.6877016820405453
-0.7102243336555494 1.1288720207064957
0.642034149221272 -0.6919797973899386
0.26954662438550714 1.0627681560375164
0.5761610857536859 -0.28934922779396677
-0.865580336069955 0.7952550474796178
0.09045545904535257 0.08123638788669596
0.993934244120283 -0.10425972837507444
-0.16726190917823613 -1.046935729634256
-0.09337282247455314 -0.6545945133455398
-0.04926055079184022 0.018596187890050908
0.49593589639948066 0.10869717811247692
0.25687834830019574 1.296386693620272
-0.7241738237144291 0.9656399813087224
-0.7077625803703758 1.2539532340767214
-0.3647495416476505 -0.5749041238732728
-0.7613837582925675 1.2219532150780694
-0.47653800733619867 -0.4279928646120116
-0.6861007868516895 0.9088121088276256
-0.7399126489199603 1.3578036167288114
-0.030647352574025177 0.08401115992603644
0.17493629545908296 0.9898278323153373
-0.1789314410914371 -0.7662730737582959
0.09417584494627995 0.5557170768139514
-0.06924705408605991 -0.49405748720139586
0.6710074955943608 -0.6599102123464201
-0.8181583458825452 0.9469578599569924
0.8704524621765815 -0.6131812099762809
0.7710131309755652 -0.942989763547857
0.3611186951303722 0.3815138491942678
-0.705174471546232 1.0336681045416274
0.47910306646421574 0.15831217138325
0.6677855822006875 -1.1720158497565318
-0.06403936527189091 -0.4784000317847824
-0.228321282732858 -1.0404359746326661
-0.22590699128084846 -1.0265770795029006
-0.6905590820379099 0.762513983071858
0.7211388506338181 -1.1336278428093738
0.13184796376013197 0.6969165203304043
0.5068921877038901 -0.0690961052294476
0.6014126003274769 -0.4370124657999257
-0.5254109522457593 0.2871656318141731
-0.8693466909317422 0.6051892401445176
-0.41607183279000814 -0.6431400807747307
-0.721223451706074 1.1701206125571244
-0.5015223606313506 0.05019470077511288
0.27295530407721147 1.2362701326233005
-0.011897970825094362 -0.003906888956616769
0.23012529567087703 1.301021978284878
-0.6140250815281361 0.3943955621032376
0.11550759413369294 0.48930564081875383
0.23718176905556176 0.98999937858983
-0.1591727615287808 -0.8147655560614206
-0.6543346509644112 1.2170439662885402
-0.7691793499340012 0.5962687874665458
-0.777950416184551 1.1952102216218523
0.8580388282695652 -0.3269495575311248
-0.7954860121615726 1.2027844573354196
0.003715341927896798 0.17520057067167594
0.41791258306118984 0.6167958252397695
0.039327307707036185 0.39572729215647484
-0.48508001487829766 -0.24145771021426624
0.1911370956213152 0.9252106769799334
0.1464849852554957 1.0819616009210233
-0.9980963524564279 -0.04740522753473855
-0.5132383985153177 0.13278766215316246
-0.2540207982691489 -0.9426952874551363
0.31043188975847635 0.8082387747623283
-0.5003683558508174 0.3409632637006785
-0.7768937167255405 0.913105892994259
-0.2375161754478119 -0.677907951966757
0.9339546577499553 -0.35560105336430864
-0.11631657101878345 -0.30052051824054377
0.9574546458911957 -0.18498840560684301
0.09476619873017067 0.5485939318536606
0.26761966598607057 1.3330761615261002
-0.39090050242879637 -0.6520937579120439
0.46823228486580337 0.12738875948502135
0.7085819532939557 -0.8506071989679607
-0.9451804365345531 0.4749372519265092
0.5889214799102664 -0.06503782572999423
-0.7993784957013512 0.7639401754192882
-0.012616779757975483 0.1953805768145447
-0.6227229328722406 0.8010309254345317
0.04684888838555912 0.3591649333353461
-0.04561874377494557 -0.3437442768240829
-0.9296322158836796 0.35126460989250874
0.5635067482559222 -0.25366342822297716
-0.9939877636087986 -0.19970957749777557
0.22518137159654272 0.9980469345481852
-0.658620891702481 0.3460921264187398
0.17054423028125387 1.3329218971489472
0.13921384900679712 0.9258856966779305
-0.04338652759895112 -0.4010827770170534
0.5664133215575233 -0.22471238015029985
0.3590831939883674 0.7645832350976225
-0.7491484497887493 1.4859739390096938
-0.1081037105742999 -0.6716478708704723
-0.8116174902180964 1.1120899823578725
-0.9035730578810601 0.28473179491378076
-0.8471976572358351 1.103029583333348
-0.3316272022961755 -0.6450115998049617
-0.7899089174336538 1.1196661966551242
-0.20207865025814908 -1.23745218382647
0.29835303492789844 0.7899257246293105
0.8204645453514443 -0.8892519666242957
0.0180793211135446 0.37247087841280907
-0.1742447792513948 -0.5346330318249048
-0.3487806477728701 -0.9973328245018607
-0.545144394788418 0.295393511257193
-0.11521962545321651 -0.5336940013465947
-0.49197713121541264 0.06952875355828743
0.07881396554166109 0.6316743562592672
-0.00021828451474270594 0.25013478114858867
-0.12271770696199424 -0.9820986749890691
0.5732895739688826 -0.5223548163149129
-0.09880237175628226 -0.5865667061497424
0.13372125573730398 0.8456974402127566
-0.14136406453354677 -0.6691559646893968
-0.6336512861330543 0.8050152599662297
0.3584825714034323 0.46765094930638096
-0.05628620215115321 -0.20511998613542434
0.7164213956540006 -1.3346215458683361
0.7200932892952738 -1.3706886370704208
0.6196178258272951 -0.887461809150577
0.44328432664410156 0.5144693140834086
0.8185243083795319 -1.0061944350802443
0.5055736221649598 0.23536019799499677
0.9485612874815839 -0.19847262378008254
0.570167440306464 -0.40905993849086
0.9136570170495473 -0.5426965328553562
-0.17318407545682657 -0.6598075765190209
-0.5045123818213701 -0.04635831785215484
0.7447508760449977 -0.7880470225385794
0.4226463132096785 0.3390077009249145
0.06635744157123491 0.1957944589079063
0.6429521616519818 -0.9105158688139857
0.9508858712052486 -0.46147458754575965
-0.6255286885187832 0.6830474439590878
0.6339119919443748 -0.8334593449629377
0.38153329592788165 0.6657248301083174
0.3703918616659525 0.9971418360152395
-0.9246032325835971 0.31772259658188834
0.3009638758096178 0.9225580950209127
-0.7713970965183334 0.6523561555600075
0.5046997747701283 0.10242810318148891
0.34236278207137216 0.699134826972219
0.10663505521341965 0.7223010813516622
-0.6638570258452539 0.7989628137407899
0.29605490954920644 0.5863587086514592
0.7804069280018084 -0.6856782481149724
-0.5126880583105631 0.1680131654518574
-0.0038807369039708384 0.1997420215436345
-0.4449090304712855 -0.0911798052901086
0.2017283870610591 1.1204691503070578
-0.35060242072089287 -0.6431964387521119
-0.2741438199635928 -1.1350076757799643
0.7421275835783452 -1.2286889306614244
0.27302142799939566 1.1274005640846547
-0.5865257126414358 0.43375414967752063
-0.11014494308827771 -0.3153514286540873
0.39307837071253915 0.35100983749055914
-0.7858366164918584 0.7291491322310675
-0.1654405518815738 -1.0892523418492233
0.407003635525353 0.4474396727268608
-0.3093824471889004 -1.0559325333957112
0.7239791020198105 -0.9883966299853969
0.15060019986956452 0.9379317403166333
0.31608067833077147 0.8943359433608351
0.41486575707958373 0.5166279770788905
0.7282920612473738 -1.1732498173278945
0.715316447029767 -1.1446640599548108
0.19928794059930977 0.8967500470370762
0.5521420487327906 -0.22079214997270075
0.583081997457245 -0.6115453414743115
0.7617025996063975 -1.0104614907967953
-0.6112733330099136 0.43319577344641214
0.30196885342853474 1.14714103538843
-0.302634704357553 -1.0700667259562011
0.8103234012456166 -1.1000067443764083
-0.2781117529524282 -0.8349710319910367
-0.1863663143289982 -0.7073097036937178
0.9009082195848312 -0.5141064925957946
-0.8850373047941114 0.6313878478864459
0.8479934195846102 -0.5556528589480458
-0.5558600951219648 0.31166183845671747
0.7505738683207166 -1.3831174824367831
-0.662735806053592 0.822726439849984
0.5247905315772623 0.1919656615694409
0.833894070754422 -0.8903843041797316
-0.8912827332156117 0.5463288895488957
0.7931745765544951 -0.9083713782878593
-0.1466505864412071 -1.0019665644650693
0.1749703076805449 0.6814855762464527
0.34444380245283046 0.9420517856634882
-0.38550226315561487 -0.6589370861804493
0.9061683578054507 -0.9033252457938196
-0.07540178744638326 -0.6981038739887716
-0.45568573813492086 -0.1755131107360312
0.03387140869115157 0.27542985458621133
-0.14723881226985114 -0.9176256247323371
0.06641232159080057 0.22302110403993786
0.9343226038706864 -0.5370612107709217
0.6197983605316557 -0.5764738604222611
0.5106383044718601 0.03359227190936183
0.9480077779784357 -0.46046726728736453
-0.30871147199258586 -1.1206473558518018
0.9613866034791336 -0.40651212658151437
-0.12315645376064577 -0.8288616145340646
0.8541893197772823 -0.7880990772573653
-0.8859679034334356 0.4398866894850094
-0.12999124498619818 -0.7458305373989723
0.21225388889892072 1.0632224146684535
-0.6067839932573249 0.6777382845983535
-0.7912729062414348 1.164252973979428
0.7152547846344015 -1.1197259426760278
-0.645256879035264 1.0586653566131
0.39349624945378125 0.8793176014823071
0.3633020368177191 1.0085811683262194
0.8915489805154146 -0.45409566837004034
-0.724942547105339 1.237610353475969
0.4165513183756786 0.6627501427002442
0.8721234422068709 -0.8135653219302575
-0.12218493131036112 -0.7058813894755209
-0.4251742737124762 -0.1551859200094004
-0.5221279445089686 -0.11512367118037323
-0.9219054738413033 0.5088757105189107
-0.7710426666294594 1.1526688367477824
-0.3639772448565133 -0.42903858933790945
0.01883571401639128 0.026788006245914098
-0.9299289518374092 0.3264066103110247
0.31088491685104946 0.5621063384538019
0.27939647058915895 0.7983184502010898
-0.46828705896526457 -0.49405537417139767
0.2397935684854342 0.8326893917193229
-0.7046151285368314 0.7271522819035597
-0.6749285939810139 0.8259766404049707
-0.2252535511456082 -0.8915893880552808
-0.8439822753337167 0.6570524872917174
-0.45670679894205257 -0.38281945513527627
0.10343422232596322 0.029843872289181617
0.5389103105444946 -0.14004575622667254
0.7902365927606252 -1.1132316019626662
-0.10686071522239127 -0.671468620990856
-0.02499781970946402 -0.258780186913427
0.2206504004597769 0.9456896130175053
0.8603482445260877 -0.5329990205273216
0.013225945297969055 0.212700594475693
0.6180538920499401 -0.5903234167014982
0.6183669108334446 -0.4477892140455457
-0.2874066621993159 -0.9790081343287046
0.8137169271631794 -0.9095039867858467
0.6420086232013726 -0.6047612625633666
0.39749983160661295 1.0716655609205694
0.7351336305672609 -1.1063567852816352
-0.36716528012856386 -0.8096020666888285
0.25842997927213784 0.9845588388366394
0.25375037909821563 0.9947480563775929
0.1269064498270034 0.8434580577092117
-0.5496099293035608 0.3077744112136871
0.1422673938703929 0.5607523388942016
0.8025709615203134 -0.8705446494691078
-0.3656333629154922 -0.7611861541380498
0.7955673153557861 -0.9246831759017042
-0.6279161060861804 0.6907236286592106
0.611177003079421 -0.9160270787401465
0.641790121991384 -0.5860061737395995
0.253494747206056 1.2754790324655376
-0.5857904232318754 0.4999975110535977
-0.7667330133247923 0.5025395951609963
-0.16862830982637744 -0.9865178786573354
-0.6268526642229408 0.9889042098872207
-0.22568828133574126 -1.0735456769982485
0.3355962501192744 0.8883031507634807
-0.7994636464488463 1.116161339558537
-0.646437236008881 0.5569788840480334
0.7390152201033366 -1.2010148426894667
0.4747975838541547 0.178238386921979
-0.47365611509893424 -0.15908920003855312
0.27543320712016217 1.111842176743468
0.03279673228476132 0.0688299829688658
-0.9921519156553611 -0.02480366117745532
-0.4109134137192032 -0.47083444821770626
0.22316548277661807 0.7910060194893638
0.32925583488650445 0.8321714832104282
-0.017546315423814685 0.18430015547147816
-0.14431477941316406 -1.2900227459576432
-0.8457092880580772 0.8183496507869743
-0.3187516382897677 -0.712576637422099
-0.23259325162532107 -1.0433626308019714
-0.9040240376253186 0.7968886955409736
-0.6419678313839081 0.7187142626496643
-0.24756137705098857 -0.772818446015868
-0.2995089751125579 -0.6422286835449287
0.6106945588177586 -0.5063003280139414
0.6577145261572019 -1.0196996275229369
-0.4016883654289074 -0.49622396416708664
0.7274339278151858 -0.7524338724731537
0.3190731454395894 1.0090483627200166
0.8857231164618089 -0.5829068907182734
-0.7982014118661638 0.8550868448060928
0.7469070523050896 -1.2323960989293414
-0.6766048331235586 0.8038789927240494
0.25014015269734524 0.821930695121757
-0.29581863256135565 -0.6927447847780361
0.584002920935971 -0.4483973230167768
-0.05198365138351235 -0.44880921340184554
0.0005101829852551809 0.25554841175272014
0.5477295541291285 -0.17394638143232702
-0.7997790715728439 0.960066550754897
0.8760610840046521 -0.382743875637548
-0.6306459206634769 0.7171081775069601
0.9174673688271713 -0.4843348380440488
-0.7385603034239463 1.1566216834922942
-0.38212338612409935 -0.8102934495885036
0.09533156743722548 0.7060999047674155
-0.566482868172554 0.17993918553017152
0.45481656156405137 0.15696031112819953
-0.4121591654230805 -0.5624641326617716
-0.17027676315983653 -1.2618080236238272
0.8125342497192773 -0.9648316078905572
-0.6673174465876535 0.7880389082831848
-0.4835753735479471 0.17026720656123895
0.46643298276961054 -0.12247988438440341
-0.4253305544898953 -0.23146434836301955
0.34343927611323677 0.5880324278385383
-0.9202074854070887 0.3509577730954927
0.6794008169662087 -0.9353687889273411
-0.03140284702853524 -0.2251306426298723
-0.9102109861247869 0.4341634914918199
-0.6863442235261066 1.0252699399412217
-0.020959577398482088 -0.14302661342995193
-0.5955402625686468 0.4277016608883837
-0.5754884596625125 0.23836304447320156
0.32648061257419236 0.9832297920835856
0.5681200474802852 -0.5056093894053455
0.4545091024452417 0.2144218715239797
0.7757823634542931 -0.8024799919958685
0.583952884967351 -0.6785983508146014
-0.5630947573652989 0.3717939216876695
0.688798750106357 -0.8861194690506339
-0.5952447798362337 0.5702470808865385
-0.900133883612942 0.794778796200477
-0.6976451037941886 0.9724740106977325
0.5232231234016353 -0.32342840215810215
-0.3079355627108882 -0.8880210894008502
-0.016997204170888125 -0.017782556609131014
0.20336139893769878 1.0423632438107966
-0.12212654945842538 -0.5825562325108056
-0.11431647135487921 -0.6043451966546394
-0.6713514282688307 1.0518388848415339
-0.33086066523066315 -1.1665199192436646
-0.6367717795172154 0.8160686157799504
0.6395669970054954 -0.9336490358644084
0.7652924141049888 -1.0082337792597886
-0.5794427570973595 0.7524133041863361
0.7053706339430541 -0.9419933907521877
0.7536349214554827 -1.5280412311438667
0.18898071193301447 0.8982535900288252
0.11354397615259382 0.6000156492348728
-0.2561049984407229 -1.1778684437772795
-0.45887222488452184 -0.12061049400236568
0.9192211727313497 -0.2877002718831588
0.292118587023773 0.9824228370999952
-0.1307223874981831 -0.8816119584107407
-0.41354403355592617 -0.4992751177478405
0.5796153184467365 -0.6806541288695696
-0.08998692431720068 -0.32630399477257055
0.4244259894905624 0.6338440747315524
-0.22330947414295288 -1.1260451956015498
0.5208441559660653 0.08771995854182488
-0.4532003226743724 -0.4835502823002605
0.186392294220588 0.9575883793596195
-0.8179751665717718 0.6692334002297335
-0.5718485337611658 0.4920074375345429
0.3722476054170105 0.6881936389036576
-0.08782470078646853 -0.5693868227598651
-0.054319679914736074 -0.6083517806068299
0.667872202509898 -0.7154654732011694
0.194111619369423 0.9504452601576687
-0.8288085848444546 0.9374803600186107
0.592062451613383 -0.3893099490763673
0.155167606338803 0.7713448794110286
-0.605240492313998 0.7115861237447862
-0.8415124539913013 0.8818147698544186
0.7366848090770586 -1.1808324124320853
0.252914896740867 1.0945362843294126
-0.2048068051197256 -1.075706651637422
0.00013782361965786194 0.2552403909601038
0.7632100245146796 -1.0213805217240446
0.04104404415287588 0.1694498188306648
-0.5821578336227182 0.516985455077151
-0.8507797849645375 0.5464197088705978
0.6600122933403787 -1.1017214205230863
-0.8468522077828382 0.8660563706444332
0.9042580919863503 -0.5051416259253677
-0.9861810211077393 0.048653578017930854
-0.45503065654281327 -0.3647581819172678
0.5894549092756716 -0.5279062955361391
0.4305060625898631 0.5625457333342756
-0.9972121878979852 -0.0015428208263223442
-0.24174483893345555 -1.1566001927299947
-0.8509062278044541 0.6340318926798907
-0.1123304447374307 -0.6589806420278214
0.4074422852872026 0.7858568650923575
0.4190159464700456 0.6072920379512645
-0.2209929619531925 -1.07571650216003
0.8471255311777632 -0.42810691933488565
-0.5550536106749957 0.6986259448332083
-0.43935829025608664 -0.07216570890310581
0.7721456756336647 -0.9247690668572701
0.5260492693091827 0.2520740052370675
-0.9007081972197497 0.49829429750900345
-0.43834257445154057 -0.2618144479381071
0.15349476979361865 0.7892279557054015
-0.5090873509808258 0.33121136389731337
-0.32107143651530046 -0.6357323057986307
0.5287151824706313 -0.0471480062962516
0.8523851672160603 -0.7938014348310299
0.21769946946996255 0.5409121413614457
-0.6161245233164003 0.9160887623508485
-0.10545152516721923 -0.4202160993441144
-0.7274424802480097 1.2171552471212037
0.26670541948514104 1.2285262198934788
0.9895015479035476 -0.14585242789397754
0.7374496033825653 -0.8364488108020328
-0.9098238891447765 0.659284097833319
0.6598743286553563 -1.0989245619470616
-0.8641716024257515 0.9459037017410232
-0.951053409259424 0.6624182489808514
0.5329050132945494 -0.2930716339193017
-0.9893094784890717 0.1636267370385303
-0.16950845915490254 -0.9126960892481477
-0.852222175475815 0.8266797501302474
-0.9781598504191065 -0.14589605330649535
0.10228447726221201 0.5973954738830568
0.031738827385157986 -0.1207301400226996
0.45411477187595795 0.47964224669510913
0.48909217002106486 0.07245129147682093
0.32908204733175306 0.7606575228143264
0.896646164097209 -0.4679475349178437
-0.31676979183746523 -0.8574724635687279
0.9202689423342214 -0.33693492335436737
0.2559663843992812 0.9942483897082829
0.8783457061599531 -0.6715941344596887
0.1876448581976069 0.7526364015749453
0.4362014292713514 0.34053229509847516
0.20928691232356122 0.5624913713023086
-0.9230172502163319 0.38760996094757466
-0.635725682076735 0.7667152864491321
0.24217040588528782 0.939600857465077
