0.3071791709292191 1.1751685401806011
-0.7699861137511885 1.1335941111363144
0.9005657286980491 -0.38631340947904147
-0.035617197144003576 -0.19403337393956077
0.7449490703640707 -1.0174729546238208
-0.5753346381545601 0.42591439043064605
-0.9185807504618217 0.5706555598173021
-0.2056110773085884 -1.1116240479800787
-0.53373560530324 0.39664703724977274
0.6834814485061231 -0.9634136309600604
-0.5858353112265062 0.4594061502945484
0.4849390671648173 -0.16139025239509336
-0.21569174438231742 -1.1926574194396775
-0.6354869600952313 0.7345376135189897
0.48707882918428 0.49154895248802116
-0.8608358380600909 0.5192918324501374
0.7706744087615014 -0.7696332221263709
0.9052887984430835 -0.7921186803258466
0.8622868693550216 -0.7415337026697292
-0.1691380939101843 -1.1667050184332595
-0.9420366812262575 0.0058098482624673875
0.9640549691963953 0.16907251015768665
-0.32072463272942286 -0.9726325418768126
0.4133743877776077 0.4295497520200821
-0.27624586478487645 -1.0653782837305108
