0.46098950391582894 0.00019830949557206323
0.657695468907334 -0.9168680983022083
-0.7922259162377616 0.9345266946898658
0.28947745329823316 0.7822196586902095
-0.7228119114792468 1.2050827013440368
0.7329026788073811 -1.1210391283555816
-0.4751583123363754 -0.1241686768724608
0.0012456080745588682 0.18359102470894803
0.6866578650021482 -1.0619113933630215
-0.5497079963958766 0.3611313210827566
-0.4907440957465621 0.29023583745009773
-0.6034613300332328 0.6367821439710123
0.1924103906147081 0.7460536686599648
-0.6369912067639241 0.5947429782338255
-0.41826415219180957 -0.6462985942626913
0.4481783026761348 0.6216458824204799
-0.2856269260469939 -1.0867754038395816
0.6467660438024356 -1.010566911994821
-0.5362181551059981 0.5061643442012285
-0.5628536919265388 0.2624160908145662
-0.8202928322600589 0.957145355578816
-0.46725367311526056 -0.2536960512323472
-0.705597984767317 0.936681284533545
-0.8230610433080316 1.057238605141625
0.4359115348439224 0.15517715615173455
0.5996660332157948 -0.5251537575087017
-0.137857755908962 -0.593092327909098
0.41911993847533524 0.3175487787873116
-0.5594994680960761 0.3561409440059544
0.2369158097947004 0.8245818248288745
0.7181502145704071 -1.1074368134548394
0.6863894269945854 -1.1588159205352486
-0.29549638950642176 -1.024581517655084
0.1669523313785335 1.1625023671656831
-0.09473577669740108 -0.37964485529453107
-0.11644219470634232 -0.8454650051640913
-0.671491554870222 0.9632026829773654
-0.6294495044187784 0.6653075601613574
-0.2099620493716905 -0.8546071571732359
0.14902139528813452 1.3470781894679966
0.3180969418024311 0.9551195586032951
-0.10911672963097918 -0.5425899244096988
0.5310962207068275 -0.0830070375925934
-0.46553789483316366 -0.30142297351495084
-0.41756577491638125 -0.27564154227779014
-0.06164453635171818 -0.9872674441116235
0.681039879168291 -0.5784357091418503
-0.17626192375233085 -0.7155734091524808
0.0248946905350782 0.20729126989836305
0.8775439637080911 -0.5415554681777274
