-0.3875356409023891 -0.6338972608806928
-0.46987286878498846 -0.2000459737238682
-0.6078798736976971 0.6130758780544913
-0.1389570468659047 -0.879549455977006
-0.9537728960158895 0.3485877942826982
-0.6084361698320273 0.7746641666769676
-0.2943894230625488 -0.858066923367467
-0.5535159613085228 0.5351562246840191
0.22704371139309165 1.0936461545679326
0.16091422317770832 0.6734241838489834
0.7071353570891019 -0.6638372940173818
-0.9177389269236287 0.727448531612282
-0.023651125017809305 -0.049675162975393414
0.8416523125864159 -0.9851721287365924
-0.7817962333622865 1.1161711593139632
-0.1778867553912875 -0.797294630306846
-0.05974635505088988 -0.5341495474981355
-0.7454069026095826 1.1291125715975927
0.9647100005819487 -0.2174132217423286
-0.9593680675892531 0.5644515438539579
0.41097209602393026 0.7375788700441362
0.9310182846896795 -0.3524429346409612
-0.2945092167328325 -1.22167152051591
0.21178951585760042 0.7476092524311374
-0.5652393278970429 0.6604305316048724
0.9839390925752733 -0.20438586755098753
0.3383591268773791 0.7711824210652454
0.38607948370394873 0.864802691300642
-0.6490581463672329 0.8204674705646521
0.6608976105749274 -0.8294490572848627
-0.5076244671413175 0.0586690908351202
0.20839138656717981 1.0497095664651293
0.6370241130720138 -1.0040066744572196
-0.16450709659092055 -1.0770697092867327
-0.8770619107073914 0.7613117453905939
0.8145081057581716 -1.07505879867073
0.467730823521302 0.03014069991738616
-0.23926804574411875 -1.2617016814847397
-0.2116168580149893 -0.8803032508976578
0.7572067541582423 -0.7986200048751718
-0.7763410643274757 1.269082088574768
-0.13142644227558953 -0.7731111679480281
0.1371233736679529 0.7648890842628835
-0.9607582734347526 -0.13061095004667522
-0.26970661956184916 -1.0156994389394218
-0.060922184129449164 -0.39900377133164705
-0.5094669456707253 0.23988436139030214
0.09929954034733846 0.3213445548578376
-0.12772961708306108 -0.739039708564449
0.8635021182999094 -0.7281917037507561
-0.4102157841536056 -0.008920364355757382
-0.15753201756681445 -0.4847620263551291
-0.5003694958937448 -0.5248079523584617
-0.11593086728876068 -0.9230166864135294
0.1667717498954555 0.832010904338559
0.5204165899606765 0.23216106775990955
0.46685633328895526 0.32848500134227154
0.44420231435186985 0.34975445852405534
0.47701000767614676 -0.14933387832476377
0.02348411715172327 0.20890835272344677
-0.4797168459049055 0.10134545356950772
0.5413634110990568 -0.359146922681775
0.01285310239532289 -0.14115598251514966
-0.2691640943483842 -0.9689031268985145
-0.6157982868870846 0.5636579269852098
-0.6712471919438219 0.9287777827026867
-0.7805418429559889 0.6813988488737726
0.460130309721847 0.11416361544795886
0.1251544345349045 0.32384991906104005
0.7840313183324041 -0.7178364348087725
