0.6554375388637836 -0.5164369034820744
0.03624357314538007 0.16215103643760376
-0.1702520425598515 -0.9589140180407053
0.3280354467697002 0.7561869155616288
0.8938757766275061 -0.5442158580116206
0.10791127838031378 0.8017407797464169
0.6225521912775009 -0.7081055254866883
0.477133303524643 0.20742464637505634
-0.30380252484927106 -0.7574907953451336
0.26790715984506797 0.8612906101935307
-0.06020293414827749 -0.08798531683181149
-0.9606927290277212 0.288548027762318
-0.4945227577467757 0.190506627457382
-0.9972842187635731 0.03585008478636303
0.6350498012659389 -0.9288352042947547
0.6001541350603308 -0.3700558051510451
-0.5282778595796596 0.3433416152724549
0.10352512639579348 0.7627215664882512
-0.37045255251495113 -0.8622866248954114
0.14661557061007646 0.7723377783808976
-0.13986561358569238 -0.510577960595898
-0.26535116176439644 -1.0686839950277063
-0.4026592056151743 -0.8496208041829169
0.6842283223114696 -0.6685226124971098
0.9482756109890624 -0.31389668261137577
-0.8058145935240042 0.602092517542242
0.23365913015511675 1.0908144495074446
0.5303092519624515 -0.1496633072334177
-0.8258873016444679 1.0212043197261236
0.5526006055694841 -0.1730942412256774
-0.22032337499077048 -1.125878155177384
0.6664000817834683 -0.7139862238843568
0.7088016608497292 -1.095036405602282
0.9349811788486935 -0.45737857204713755
-0.35373468857604373 -0.9343336786791291
0.5837410402292111 -0.5044855739391774
-0.35890049882187025 -1.0960886107547134
-0.5850565982865574 0.3425427143489963
-0.14068428677928946 -0.7330659004315491
-0.8405360435447009 1.0383447259867078
-0.1263485970036149 -0.8878432684670375
-0.9436257681950111 0.30107737927362466
-0.2569088672302844 -0.9442279821118738
0.500619414602905 0.09878861926976909
-0.4847359496544166 0.22076869436748342
-0.03809162386016918 -0.0656752334912428
-0.574630847200043 0.47191110543965115
0.5528758537387701 -0.29844876916820823
-0.4568451286255957 -0.09892099022970485
0.796582233781923 -0.6989654754686323
0.9245978389599512 0.04832525843294788
0.6613017374418315 -0.8868922894063451
0.15154088145232847 0.9526880996886125
-0.19040164891753708 -1.0945430717766897
0.6472513257686796 -1.0014819147575063
0.2552240932513199 0.9364670910763645
0.3187019885311506 0.8158916005431324
0.4759933011933912 -0.0881811275649319
-0.49351862205445896 0.3107656039773564
0.5511197078083476 -0.08198049809002605
0.32816224496372937 0.948698808674304
-0.5473472148322038 0.03132036196180904
0.48329055462673476 0.47193568782741574
-0.12504744437994275 -0.49329175299577055
-0.2904473118412263 -1.3600711942565538
-0.32093998107229504 -1.0037320282966442
-0.28226191373789633 -0.9646417788894588
-0.615267511918913 0.45591151993844137
-0.0125977058126574 -0.36452751012819856
-0.907231852077885 0.6254467387645706
0.5886326340230315 -0.5000872466338596
0.9620004088676659 -0.48597201377927224
-0.1454586731446097 -0.570600909335449
0.8903092019797061 -0.4838357879859482
-0.8111932561454722 1.208466626296734
0.03048900471114191 0.18886040161755502
-0.24688039750703417 -1.1297947397331958
-0.7853020331505245 0.955857562923916
-0.6457481868150494 0.5838883790056747
0.5775956445501362 -0.7155997892795205
0.7953470260300819 -0.7973545900873128
0.9436305486425365 -0.5367891549251073
-0.8164012093576274 0.5324771628439913
-0.8675096199472674 0.9849293359242363
-0.7560558526669268 0.8334044631372585
-0.047308495125876204 -0.4086369644756245
-0.37323179339361046 -0.7969043629655522
0.6006869309527914 -0.2832073158695856
0.47680291930411034 0.15674844331259272
-0.5454189466898927 0.35468191525404585
0.22415467140466738 1.1369371786618419
0.6940926044557321 -0.7501930602135647
-0.790054184948487 1.0460396197611355
0.7852111093108247 -0.8777908797654256
0.7237907571487834 -1.503963607802295
0.7421651222873764 -1.2061428815589605
0.6460939281339089 -0.7120847940645885
-0.07372213386556026 -0.5084268206808256
-0.3955918896510726 -0.4958153429969967
-0.03320219600841945 0.08050670873151414
-0.7651806057460415 1.2554087083155685
-0.7247839773249436 0.5303502178560705
0.46637333394252756 0.14942339288911757
-0.041231814180586523 -0.19309525528492477
-0.9097800330686647 0.6069319400955749
-0.2800798101344937 -0.8126236348912408
-0.7279350714395347 0.9762207014811083
0.19503545907953113 1.468201825958144
0.3333141146210927 0.6912180001828241
-0.6177050178555701 1.0924120987540806
-0.47048929482450297 -0.4442453722496833
5.797863613654641e-06 -0.04047594048197823
0.2478111054870713 0.7994862402360188
-0.6033645106124943 0.4012212653721565
-0.8762749551732438 0.2540660756509613
-0.9328878980115198 0.17423519858706701
-0.9013036629989808 0.517082396158244
0.9455921645083925 -0.3795318483721922
-0.7849934483170187 1.0819738402635604
0.4238411582114048 0.5591184271727951
-0.4328994925771452 -0.34122095268777297
-0.5800873719753377 0.5286940277607661
0.597513391804986 -0.74689027068381
0.6377753526765573 -0.7980449027715772
-0.5700051235670174 0.3760257772987661
-0.4233458531544749 -0.6110584046743712
-0.4662489610512659 -0.1264662565401954
-0.596366211960798 0.8251511376598447
0.9719143548744502 -0.2660575778661257
-0.9277795909980429 0.4191397569027904
-0.7450131389143049 0.9534425420903876
0.0177538161590034 -0.1260214560691192
0.9317780568724703 -0.28861495507181534
-0.17263286820725 -0.960819552436482
0.7389854347209688 -0.7189709009706764
0.20938236641842045 0.9364898167887233
0.49543829230721137 0.26310357121773875
-0.2656833629015769 -0.796723128611893
0.3085492185019798 0.9110389790447997
0.3177701030932556 0.7362593933610474
0.4562857785178427 0.8811287752552357
0.3208862455665418 1.2703342555344117
-0.4021780051242121 -0.7066929452968546
0.6951595075876085 -1.113689353154597
0.5735392263100878 -0.2622935312977203
-0.021937176797182323 -0.06550094073849579
0.09729859970911359 0.41571694287517746
-0.6556986550493162 0.6869006495013932
0.39288519752717543 0.5230780173663412
0.1949246918874541 1.0938742254646885
0.8407131000715962 -0.6957659063982059
0.9654719214550129 0.02532568974467636
-0.6581170319634497 1.0191149251113938
-0.6021021833613089 0.43597245806520224
-0.9764211497466135 0.01820028255340958
-0.4251813636313102 -0.32455163856204816
0.8432581940945398 -0.9222301212676803
0.8007033856996857 -1.0809827642431025
-0.15799543344396683 -0.7224863793306682
-0.3127948706112076 -0.8367208458778865
-0.4022416620801488 -0.35332402184722533
-0.9282216825013812 0.3145548709294935
-0.23751594251405028 -1.262880189550203
-0.42559403059538536 -0.1109677180435219
-0.18665679205753416 -0.9225430735410435
-0.6693440921878602 0.9060622762005338
-0.6834279791223317 1.088285939902942
0.37928641001022645 0.7334372700131189
-0.1142905513900252 -0.9990466386209497
-0.022677414909057614 -0.032054669107961134
-0.672023424120161 0.5644480576462708
0.4727023347863164 0.0951046016857211
-0.8308754998558248 0.7838947604919015
-0.4007143892957947 -0.2883793064586137
0.6910597918450163 -1.159815364136128
-0.10932967620915246 -0.5605077500147234
0.47253555176124173 0.06981403397754082
0.7188156659618072 -1.1039932212322103
-0.02040725251374842 -0.11900004997239325
0.719559805197137 -0.8930837024631402
0.82561948777835 -0.8499237304537336
0.05428173546022963 0.02101843115249713
-0.05287467285409009 -0.18866692683682393
0.22505205336062972 0.8999419783399936
-0.19456399254620727 -1.1332664599939648
-0.9501400622947602 0.5814677393463358
0.9019453473890744 -0.3618806619923246
-0.0350698815656163 -0.2856700606936925
-0.7414638845016175 1.1419804897842372
0.0036919215361332913 -0.03440958269976771
-0.17249144322351517 -1.0064378718212381
0.9484031362421725 -0.3858851684017658
-0.6368778290628925 0.9559176680648521
0.7543654509273943 -0.9553250569919415
0.28677074560064963 1.0598469324577713
-0.40842815024370993 -0.21313917544792754
0.9072384630456247 -0.49662524347027887
0.9152391947946292 -0.11617515089976982
-0.029953812294615023 -0.18106435632151663
0.6203901681736348 -0.47548223829620895
-0.045989844407799074 -0.3040915352087428
-0.19777121055385583 -1.1029966386807486
-0.9957033229581196 0.05176956722291125
-0.3461379712229038 -0.9313517649052232
-0.177930840116014 -0.5095137680533618
0.5714802005630708 -0.3175703154922899
0.8273296780007784 -0.4882408284310256
0.1486259471051259 0.8263627561700999
0.9734690634630301 -0.2315490798918439
-0.6945143900256441 1.2544295513897854
-0.35080169813293915 -0.9522124763751163
-0.41165500742470584 -0.25860005849833023
0.5679890645748353 -0.13324190209337794
0.9483933142091869 -0.07476032097861784
-0.5576532471122471 0.26697812141043153
0.9406641044226078 -0.4532287496151577
-0.7438320425010485 0.7408758005837979
0.8908441730775984 -0.6649793864150828
0.2656582794220119 1.0472539339761777
0.9611247980836999 -0.24070453432600786
-0.8014496707338403 0.7935592579367887
0.9635674465466522 -0.28398291759022226
-0.5959369656852731 0.3254823088389446
0.5467841018672959 -0.5871681498472601
-0.9878711485755194 -0.10151095454213989
0.2741013196622575 1.3286604724533175
-0.6870145584236262 0.9327196492185374
0.9601899935864322 -0.3189985568572889
0.5953218820385426 -0.13482794471278864
-0.7334845309535201 0.9657069796984147
-0.8516854664904558 0.7637412296545185
-0.7531919249447674 1.177043925047948
-0.8524246786019294 0.6386575070407214
-0.9819378049017982 0.13747520994060064
0.9032449599970978 -0.7021011117801281
0.6680128866905077 -1.2617082072139039
-0.1802476834451523 -1.1815604718259696
-0.7571386909408284 0.9929560851539547
-0.10360838770941228 -0.4840186724117966
0.060683712545339 0.6355442227448445
0.7868045096684162 -0.9897808035026432
-0.02501581847520362 -0.45127436367243845
0.6923619723214463 -1.1691900858528153
-0.14868472782673137 -0.6239080217259994
0.6853735472945435 -0.8924602249763428
-0.17996129168594854 -0.6236979805161575
0.19523429700192207 0.7841950949117072
0.44972466742296136 0.5878785386717438
0.32043727018637425 1.0545246256738903
-0.7075566689973589 1.184150347827436
-0.6653151591974527 0.8071464105363468
0.8096313940703803 -0.8520776564867137
0.2594204555520734 1.0509569809877146
0.6055641697283183 -0.4497952208999366
-0.7245771874517779 0.7556723178374153
0.5466349907306978 -0.42252141373888247
-0.24809047400083006 -1.0287776080063806
-0.6295235999755195 0.5749269405543072
0.4379012192192895 0.24326073270917087
-0.2930336346905069 -0.6946119792552166
-0.8131327988764758 0.7288132952944828
0.35103040292255305 0.7788439034344561
0.26566655810425144 0.789747557218553
0.5518880075273254 -0.6725868422154909
0.5276335390103339 0.1865265181040324
0.01416671130218039 -0.03255549772632897
0.8269222914399161 -0.9204541787593726
0.9800949483484709 -0.22158349384065773
0.6099694742192776 -0.6379988107320631
-0.7897298700682303 0.8952879526932984
-0.49325522555709234 0.04913130070864996
0.5794037018897202 -0.8406485841065329
0.9797139731724702 -0.059781170392741265
-0.9750261214167539 0.05935402245694439
-0.5420876680694298 0.10782860506339262
0.3417004067183702 0.7648936491439765
-0.2666863846337255 -1.3958059853869602
-0.8609955869954096 0.5608288729162828
-0.04162989599940725 -0.20630193512374873
-0.39024675544467224 -0.43790507432865
-0.8530627930796169 0.7713591382442602
-0.5477310127842479 0.6914388118004051
0.5781453036415909 -0.3419922288249496
-0.1692945787850566 -1.1280918127103066
0.20524003434772475 0.7881530536169165
-0.30861863248269805 -0.6223127399490243
-0.8490452410622769 0.8889679355736854
0.699108672707945 -0.8260139523541083
-0.29023483223829194 -0.9728924209312834
-0.5473707023152203 0.5989559781896624
-0.6631922782050128 1.091082358450848
-0.7327652370194746 0.8319960831235786
0.6312242468298155 -1.0410568909022508
-0.6091104641788543 0.8984928661641451
-0.8850465585522156 0.9067260743792848
-0.0755722950559865 -0.11714878109964777
0.2830533788135132 0.8278615686777797
-0.6405903779234592 0.6961902225817932
-0.5520173561478234 0.13672440809192932
-0.7401730827652195 1.3866117730161758
-0.4596458095913092 -0.1774885126582072
0.4837690409916129 0.07811856943570972
0.9325719113917774 -0.4119909567020043
-0.3273387441094584 -1.0470175989750394
0.7630732948852785 -0.8089476609695057
0.025324971450818134 0.2496867417647891
-0.8081757407686663 1.1096958996279824
0.1184534199099645 0.6119278209904203
0.8321884993032405 -1.0515080361799485
0.4352707163220224 0.6083656252344163
0.7035800135161026 -0.873911820379276
0.5355014484279708 -0.1291807932828008
0.7798432306510867 -0.9969874668599424
0.24439998912118877 0.6950751311659471
0.4568823169067884 0.2807752608280938
-0.9269633799424568 0.39276452917189786
-0.992859132043376 0.33888525713118794
0.9082054146077043 -0.4263882990685728
0.11245142328599078 0.5409049628895903
-0.5615290835462039 0.5857421169048348
-0.9835438524073028 0.4438924006946728
-0.9279057961158381 0.6476425440200663
0.7846491352024387 -1.1437195326136516
-0.9432058685035096 0.5501261407158997
-0.06547657463173895 -0.20033830875077377
-0.8403373343671594 0.9262969997034032
-0.709167580287795 0.8735571155103385
0.9129731013353994 -0.4955725420161687
0.04313521589105496 0.47145357483421374
0.6231693411774897 -0.7357328811140661
-0.00957533045147696 -0.12372145430625645
-0.1735615691400667 -1.1219692697346497
-0.6842760687401677 1.0502993832491607
-0.8463417067193839 1.1137061498677436
-0.7693263825309038 1.0414054251969938
-0.23435179013978247 -1.063583961451342
0.5770333624700135 -0.23458862167891975
0.3925808794878485 0.57141308595394
-0.8622363879241508 0.6866789531126356
0.09937794214070861 0.576558409838672
-0.7723457907404145 0.7467398707016517
0.06769477369557264 0.3708250078997543
0.4032534825156242 0.5797199908491788
0.47815547191171603 0.39874985644900324
0.5527229216259815 -0.12065493873828892
-0.354637619826508 -0.7844783777444633
0.14483647594743743 0.9183577855220583
-0.7709240208172141 0.556450989092043
0.15381338404241185 0.49209063395181885
-0.6647679812786069 0.8689961335108234
-0.8799463828454193 0.6976089637896886
0.7812888973049077 -1.4026494703958694
-0.8087695054182618 0.8011148022532022
-0.5559368920849774 0.3294588251277893
-0.27388370028318176 -0.9659953402773651
-0.9645925212893696 0.12458778316975125
0.265091844993121 1.0937956131069266
-0.4700512636396459 0.1860384328424317
0.9598278894797634 -0.052210685643894084
0.19115800069414868 0.861407922200617
-0.2829074582468396 -0.8857892826494851
0.7906186891921707 -1.0935170507743215
0.37319776007119065 1.1464731207586656
0.853687350433646 -0.6818610837786547
0.3494087222444995 0.7437553319330372
-0.6800823583901923 0.5203917942588097
-0.7626864651273668 1.1677811352901812
0.9821295197587612 -0.42358459944305304
0.5586383356018252 -0.1662670967956842
-0.2542067389151701 -0.7895297480641982
0.4788183968795485 0.5768603462363848
0.9288328247568407 -0.7470829284548848
0.22754611089556098 0.9747856587152153
0.9992115612445276 -0.2801288752690805
-0.9139150541950753 0.44405241848719884
-0.2650616817476801 -0.9430442929100128
-0.6511516890321789 0.8706223127821907
0.05865806525327999 0.05350142476372205
-0.8822073347142267 0.8941442289541636
0.549718400547013 -0.7578681334873874
0.1137802740546836 0.7794400225809958
-0.6425199292354364 0.7543301264072884
-0.5139096500967126 0.24320848754159236
0.8207405214263117 -0.9940166330715335
0.8851329341317054 -0.6887237451963498
0.9362827078085847 -0.5582072600107477
0.05572765025090054 0.4059091216330163
-0.9530977747817042 0.3475033212470773
-0.11943472906496044 -0.8336089053917004
0.8751342667108017 -0.7866515803508225
-0.5237319057484926 0.11616725497152824
-0.48198571290898506 -0.10067446742522515
0.7037782418615035 -0.8020495204613645
-0.030774907706112575 -0.46079257316935707
-0.5277897305220316 0.2620185003991699
0.6870778347605926 -1.2603334105543742
0.11575594655913646 1.288497464054288
0.1260004385729696 0.7708984786612922
0.1186735472651268 0.7593634438754848
0.5424627634675354 -0.07312599819973759
0.5719124625591976 -0.6278272869030053
-0.9743428200907251 -0.1001732843381021
-0.06594937900356013 -0.20353853333633443
0.31868210023866483 0.47866926822007305
-0.9249423905257119 0.6154204176847282
0.9438540265917059 -0.13269332510745968
-0.24645288916674102 -0.9898454359339486
0.879446716742164 -0.8372869954932214
0.27967788042441644 1.1140907713210422
0.2880164554644513 1.1581813719101253
0.9958324858093124 -0.1800161298817597
0.995439860660112 0.3290665448000424
0.042736136788654955 0.25663622638132794
0.895136368568451 -0.8499675769342525
0.10071888182909028 0.2780632400946309
-0.1770454383481841 -0.6679498118306454
0.4334772450989548 0.5974251485465791
0.37193781825221417 0.5896454039180185
-0.22054832731725837 -1.0556423925476863
0.6456982716592659 -0.8478472026212379
0.47044891393330124 0.21983504378626426
0.6160501681121937 -0.5619641173718131
0.31825137339725185 1.0705283113495723
-0.4219181247955186 -0.556581257495808
-0.10065434067983547 -0.9256922696421035
0.4123974314715031 0.18618624979153686
-0.34164612056094024 -0.7109914716410669
0.8703768926530544 -0.7906208291637246
-0.6017767828626928 0.7413850102960735
0.05523698833663282 0.29046817199435143
-0.5297350651353725 0.16958596580982033
-0.003225432726608579 -0.0027995296340108666
-0.9985120376958245 0.15088413589389896
-0.9262457005935092 0.5833920860407922
0.016005552815554713 0.02446787045946225
0.7876292348871077 -1.008385773548734
0.61615377897358 -0.6925614095514743
-0.5335172487347946 -0.016840488268119402
0.7663528592082192 -1.075591213347229
0.9405210207366008 -0.20738228684649004
0.8037621255385017 -0.809376731697046
0.3129497754069259 1.3731970901261041
0.9682646980253455 -0.28178724802946997
-0.23855982381651253 -1.1069208144948128
-0.22780346647664906 -1.0332624308764153
-0.7868734354249471 1.0249330328159427
0.8344752226870393 -0.7336167487697506
0.7667574871070981 -0.7880764615458901
-0.06491501645825704 -0.2202974563435512
-0.3394465266177973 -0.7213490803480709
-0.9524062721439506 0.5276350246887509
0.21878257121530598 1.1297358257457775
0.516123005519393 0.14224693574573127
-0.41382178712915785 -0.22291152039897638
-0.46184508825201553 -0.13172370110047454
0.4620948362675483 0.2658317344824955
0.09896888457534958 0.6771934292201565
0.4245866079105325 0.6052161385083487
0.04147529931105853 0.23802941810140563
0.9957895911771322 -0.1863871784440901
0.18498568986906627 0.8261005711186872
-0.7339244485824528 1.3674865830082499
-0.2911986549735994 -0.8639329623892622
0.5760909171173283 -0.41387045958288243
-0.4606287934208344 -0.2627087130885981
0.5898802655499136 -0.5757888454820644
-0.11896658142339356 -0.6392760997820452
-0.7386492826859263 0.6815316449825217
-0.5941826758851432 0.6141905254204074
0.39030869024572445 0.7999417036169658
0.2162157389982864 1.0370561184057498
-0.799351630670514 0.9476287802933931
-0.49144821337560796 -0.05657717765488416
0.2515838123641674 1.1299172454531614
0.01146043328347135 -0.024849604626731345
0.770594578032243 -0.9553627994159822
0.5695510471721486 -0.11691791294777965
0.6919727243248144 -0.8594082367922139
-0.6597114573254705 0.8908947985202647
0.42079793224745043 0.5182015481770281
0.47867914196249406 0.26210525535390494
0.8008250461786768 -1.132177979213799
-0.8856060501631244 0.7247926154087219
0.28382004146892625 1.0560267788231927
-0.6176246861204944 0.3908052060483408
0.32061940537988365 0.7900099819216946
0.2842553785802784 1.0554195471560734
0.7907411068329186 -1.0850189509431079
-0.9165793889849676 0.5978538714066306
-0.8261325391377621 0.846418870977428
0.7162655089049628 -1.495175206010578
0.12915059698066056 1.1997009071587603
-0.6609656531800412 0.7773823757859905
0.5932148398587078 -0.6754788631847362
-0.9687346621302813 0.3344506187443314
0.16482506941385733 1.0315450447207466
-0.8996536091483125 0.6696285008386907
0.03100187097470375 0.21526604261926127
0.7801100960347007 -1.366290836287483
0.8392568390888386 -0.7604127511185622
0.8819885815200303 -0.9416675720214103
0.14507824817187065 0.8976135719570886
-0.7963003711542715 0.8820540970407472
0.8053474104192055 -0.9730370420379252
0.19934412073094854 0.9874665350504699
-0.9114506332016672 0.6821250387921542
0.9530082311748476 -0.36215802764953847
-0.8494754615068696 0.9126299733984146
0.9437047084290495 -0.39594319987239207
-0.9077681178126096 0.30911967047656747
-0.213209974899792 -0.9987346928393268
0.902158908343974 -0.359175051633347
0.571701209840149 -0.4726620301012918
0.8973249941683195 -0.6216723150308993
0.18684487980532016 0.5116816674773967
-0.46228641706277607 -0.17703095686225923
-0.1446471168876129 -0.47849445348014213
-0.0956280713689186 -0.6886093375741477
0.2870154746060989 0.9173237245254706
0.8897889113299895 -0.4674755709066837
-0.9692262999950882 0.4002914431268146
-0.1629291804822104 -0.7143366057284806
0.388607221124307 0.7525971090395945
-0.018805325923284988 -0.20629059983556586
0.1996794458403519 0.7966791986901076
-0.724688250252367 1.1002360226702665
0.9857212070398795 -0.21344260312446503
-0.29242262813352426 -0.9985053904710363
0.290752011123004 1.002381892994891
-0.6005921750608849 0.5822522426210875
-0.20010755833117888 -0.6748210274913651
0.06994846225047713 0.1448509847206288
0.7931283462567948 -0.7752622404401461
0.7629105016411581 -1.098549396066883
-0.5628685345903313 0.5236060771925815
-0.05298521384704258 -0.3101521613569074
-0.7709851382038049 1.0315024082633155
-0.4628582336204019 -0.3758377447858947
0.18665764247685201 1.013183764999754
-0.822573224543981 0.8126924649708712
-0.037789175628083926 -0.10279155900406059
0.5450638617962336 -0.10572314909735164
0.46361681319621817 0.329851227640208
-0.052711467322715144 -0.1850244588468743
-0.5230895132955193 0.21302053323578435
0.4434220853317077 0.4030961826623305
-0.8051139766951265 0.9590531115099675
-0.8372403876160899 0.8402232091550541
-0.004909781916582423 0.07375173805057808
-0.781891312733733 1.083972776770594
0.620396602565187 -0.7479322362109777
0.4290206979484834 0.10096459893721416
-0.30990240933661406 -0.7971085817317727
0.2603605940499414 1.1500716932220771
0.7956792047493642 -1.007789007978075
-0.57256287756527 0.44249313017659725
-0.9572277451072622 0.22530941772184665
0.9475953703282711 -0.6134833837782456
-0.3385962996622449 -0.6614312504945674
0.3012251793215599 0.6543588390077474
0.709806085577426 -1.0518295011497725
0.2734351866167488 1.0733783150475589
-0.5636496155831747 0.4026819180616783
0.755583626035959 -1.0602426573252854
0.7690351812521101 -0.5613041048946423
0.04493086597580387 0.3308258245350915
-0.8680074739810641 0.4976167130344515
0.9852251971346733 0.06996917282093883
0.9821213444972863 -0.294358406760038
-0.45184561095898856 -0.2971261919159864
-0.7199627835452118 0.7041625516446683
0.9264783931276461 -0.4382981580601513
-0.5878762695861444 0.4419126490318138
-0.8225621193421044 0.9923637175750297
-0.6183218683764942 0.48910153343064044
-0.7882644808713375 0.9860793720821801
0.3885614903937802 0.16468523127232487
0.29064118475808787 1.167106091138797
0.6886012048222705 -0.870875638401802
-0.06549796341265868 -0.388308319288942
-0.9739334311109931 0.4195764441881522
-0.5824006063762499 0.6165828033606545
-0.7506053523769558 1.0753756379599446
0.1772532268112128 1.1597866622983302
-0.08010828379570367 -0.6181181058912567
0.10065866251877487 0.2980928746291111
0.9495897170005678 -0.2885216102214563
0.8243083608896602 -0.8277882382348789
0.681460062161078 -0.9413030258646148
0.8564321970440354 -0.997274032628011
0.3676656230113171 0.8545032301227542
0.23780497390566135 0.7432054686084597
-0.8380539226013468 0.9133832829950151
0.09155061460224667 0.6056474667375279
-0.45240672177191743 -0.241574865038399
0.04778060113244287 0.4325104465035846
-0.24048199540225146 -1.2625664716492886
0.6015061676828952 -0.2812542724316876
-0.022582678118904465 -0.18511250029692222
-0.5918041160948375 0.5506474356899372
0.5066519938155385 -0.03466379711493462
-0.8381874565917378 0.9223498780029619
0.8927402320543067 -1.0472932059737166
-0.22210505118491475 -0.8243292176390236
-0.15019489019712395 -0.5678346799044793
-0.9268722476562732 0.23032235453693137
-0.4494494037993737 -0.3460013706778682
0.5843350331932085 -0.3480403508224814
-0.8765971927709373 0.3425336832493879
-0.729958258067289 0.5740343500522618
0.9650141142845283 -0.5660348387923578
-0.6253969534089956 0.886360514748928
-0.13031467555554554 -1.2181726075039103
-0.9932525055619204 -0.030040044140557172
0.08213867130168961 0.05350711369072658
0.1990818438141162 0.8843102761688731
0.3652851349342707 0.9521105591969993
-0.18623042050992122 -1.2804953782806416
-0.44313917738761854 -0.377447572630465
0.15615763134019134 0.9835942242994055
-0.6078558146061577 0.7119563865837142
0.2500458204835796 0.8019772720211422
-0.6452437177697075 0.85847785945883
-0.30211235680006143 -1.041281882670732
-0.16831200149312187 -0.9577457481068475
0.24912657290521678 0.7964108811569103
-0.5191646731647659 0.14316503212186157
0.11757754325182646 1.0283721789793996
0.534296395371892 -0.1131733434162107
0.5267407327598848 -0.1610943388474666
-0.4626134624401508 -0.2774963185493274
-0.8358505553613413 0.643705120458197
0.7837002812971909 -1.027854793991864
-0.6990083577942487 0.7797387328865696
-0.13168720203438689 -0.7877746235221441
-0.2186636550199268 -0.9440387759234884
0.48182945536336796 -0.07232845105830868
0.24581033968661492 0.9416956937225373
-0.6667370556901262 1.196789592936983
-0.6791650123204964 1.0071575090192768
-0.9187775075372908 0.6106502951232947
0.8005453494625157 -0.807420067666802
-0.5865902501960927 0.6127442347253802
0.9763660006831734 -0.35802552618622435
-0.7824123579325843 0.986317372480348
0.22318438253161754 1.189067575438121
0.06810931484748495 0.4342689307742599
0.12337276553376975 1.008759575629711
0.5189815194449889 -0.13424394929957303
0.7833482020481968 -0.8145103963548481
0.5719586704914255 -0.2664622576943676
0.17475773176843568 0.79804052364252
0.22318340518333946 0.7866517423143828
-0.9679565720166288 -0.07140864968680316
0.06229981681867147 0.07492332476659741
0.36078835429887746 0.7289464304531894
0.035533771847302775 0.5684143002505566
-0.9800460278257912 0.07542100358714812
0.28951945589970274 1.083919600331418
0.6834598302004917 -0.9515150759475751
0.46723240811079214 0.22900608063501196
0.9945414568971358 -0.14357767806296254
0.6365976614276836 -0.6269059336382745
0.07064247381329292 0.5610337073582107
0.6293142089748833 -0.8226155929750284
-0.7101783936560975 1.2837853332628566
-0.6277132053037948 0.22330989602289897
0.32707067090953146 0.878181636961176
0.14596053899031025 0.9387395486768549
0.08600902180132719 0.517438720897484
0.8519289600154862 -0.6798557709205036
0.5614515208207704 -0.4820719916155489
0.07597556533794991 0.31093725462201016
-0.9011850801583394 0.5374849456255274
0.09466180568377691 0.7517387542451441
-0.8166618302366966 1.0042314132401045
0.7171888301950156 -1.0684024569570574
-0.19868874781744772 -1.2006673212293868
0.06609492661078908 0.36994415119734125
0.16934521354279997 1.1427219637228525
0.769561963540387 -1.5920318915099951
-0.6826466950239827 1.2769113864844546
-0.6776485519761737 0.7814265692754463
0.6199289949637821 -0.8716139018694349
0.7478296733657575 -0.755157170378932
-0.363283025015531 -0.5952656726556318
-0.028033334600730653 -0.27278839930774845
-0.17612197921524153 -0.8864498047999048
-0.6856975755766035 0.7959848450829474
0.2649108493012762 1.0766094975052105
0.31671794733562586 1.0033845761665257
-0.5210533596529578 0.08592753823486214
-0.15623852567811047 -0.677750116207458
0.4575820647433242 0.19223007548922771
-0.469297087573999 -0.0955985825585571
0.48806067047410484 0.29136646735714467
0.8335438724931503 -0.8660759447288989
0.6164734425117504 -0.7810802174065524
0.8448843757501594 -0.8310074940644702
-0.21465655704850128 -0.7772683511489615
-0.8420631654119151 1.0207482919669282
0.18575371630443116 1.1087957517646463
0.3551218923782098 0.9127791309883655
0.3977785820376847 0.5599678581609215
-0.30652363325936105 -1.119224430921338
0.52038998547926 -0.3618447517767156
0.8233084620155111 -1.0040399768091999
-0.4274408516923289 -0.44712893089030525
-0.3429419719370863 -1.3008817657899705
-0.28761042452180297 -0.819798438833069
0.08835265535738701 0.4597907765619253
-0.6435749876826682 0.45634921026290487
-0.29038911636885456 -1.0129065970681674
0.7273543807341687 -0.8339829649717502
-0.21029126634251094 -0.8239675029577924
-0.4651879031514412 -0.2769418280902403
-0.543785365403092 0.3147322594257316
-0.5427708039712393 0.665031997040163
0.5355246745911839 -0.7454368935741355
0.8518318428528786 -0.6317072409359538
0.987052173156518 -0.157259328421243
0.5452263984501988 -0.22609755858413122
-0.26970622898073215 -0.8021971114330938
-0.7144973352365409 0.910833408293039
0.12389698484705547 0.5522819222189318
-0.5180260450165002 -0.01755016922001848
0.5070949564160212 -0.2825398157594595
0.3279139089356433 0.8159545763923159
0.9207000081264742 -0.2012534964272456
0.2404673923256797 0.9861541824832504
0.3314662560373698 0.4864957388765061
-0.2550388843905931 -0.8330220427063548
0.8198054020819112 -0.6711780885390335
-0.7904654075899014 1.113853912722364
0.49687355180753356 0.35250774998800827
-0.6657586975696885 1.190127430162346
-0.2543809166293942 -1.1914912368102064
0.8935296389166114 -0.23910581931655123
0.8535283150959929 -0.9168513577794779
-0.26651872393533504 -0.8920589835468582
-0.86218484958635 0.8962949788729752
0.37633687332224297 0.9305157284668788
-0.5964187302975186 0.842690223366434
-0.5452159653341311 0.4728680239465764
0.6826016696977615 -1.1412622429453763
-0.08497600881679945 -0.9909102563083413
0.16027666339454694 0.9025519927372985
0.6789187152504703 -1.0488487937616595
0.5990264522211226 -0.5032310209957116
-0.8901691541193704 0.7305680685272852
0.12442530459614298 0.8522401496175527
-0.4422352117952102 -0.803682779897715
-0.21125633800095578 -1.082249178148083
-0.6398190247537632 0.8979712822045333
0.8929585772792248 -0.3042160623822156
0.15834029487227474 0.5496938658865442
0.05012194715526941 0.5211756760555066
-0.1593185006528639 -0.8564163855339298
-0.32592114744792666 -1.0504601564121503
0.14411407014912192 0.8706185298643423
0.05582472676236461 0.23718913484761128
0.2774417650944023 0.9918796227432849
0.4603895305791559 0.17331104778392242
-0.3381823460862341 -0.33504664237428106
0.6231387527681735 -0.9788317701098448
-0.21553438240908207 -1.331378219194598
-0.7287428397914653 0.957660394614641
0.17826637943795443 1.0437184858140487
-0.6636009605323232 0.5879831195888172
0.7822428785718023 -0.8830383731722201
-0.832595077102886 0.7560736730362013
-0.17421021415599913 -1.0469409198762523
0.4010239527984911 0.687148178181203
-0.663770993437369 0.7177609210137903
0.6672229593945589 -1.1092299500128728
-0.12134801855315369 -0.8160472435407535
0.8426997963926044 -0.9621121172092468
0.8804492698932285 -0.45715431443754384
0.23035686295729296 0.908754285588981
-0.4757635649137111 -0.20245221809843456
0.01795648762381785 -0.0687344098288571
-0.9869297114553806 0.021760724519867873
-0.9961741947998213 -0.1909156906585734
0.14124208724790055 0.8553108347126535
0.700221582855695 -1.1941503253016998
-0.5194722825617146 -0.1467327728692037
-0.8534727724411821 0.6921402249004209
0.5614479449228726 -0.7697580294143909
-0.8218116245026532 0.8001385646809903
0.010135882321046674 0.12496903562314948
0.8976726994263327 -0.5817344663545271
0.37253941611548314 0.8441089762529405
0.47763772185538245 0.14174228026472982
0.850916455624787 -0.8535983211923129
0.8146418122600745 -0.9422616246219259
0.7676881772445396 -0.8048553350154275
-0.3257380120781139 -0.882411237824865
0.39647684567277874 0.9483495586990645
0.23417825097461997 1.108586717348035
0.9740553542272363 -0.2363699377197062
0.4385831218998 0.2878334747598215
-0.6274177023570755 0.7653053567962101
-0.04316611101854373 -0.23896368558612485
0.6121616374362981 -0.7647956974506311
-0.827372131694823 1.0282113090858909
0.3296817742530902 1.061606810847251
-0.5211979659443358 -0.02953422513340387
-0.5569668835388599 0.2829312991903944
-0.25291404465706635 -0.8967996326849749
0.4327770521313794 0.8445495402674409
-0.06824025123861022 -0.31635356042760643
-0.365091226991187 -0.6679394409091619
-0.5999459732304122 0.8391632483101098
0.028345712803253376 0.23804949739270803
0.71386406012633 -0.6589963635129726
0.27778280404301103 1.104738754107071
-0.20832826533459436 -0.8813414308332687
0.9653399916373671 -0.1992360506245075
-0.27658309731655484 -0.6491286755398733
-0.0023423430419047264 -0.15532988359944833
-0.2586461969910918 -1.2969705707257013
0.30004589109230206 0.9731139850502804
0.6814733544749667 -1.029986858237154
0.04102384314904173 0.07474579657818953
0.8902641730831071 -0.6366808225352681
-0.9291251713496984 0.42222823620013533
-0.592082613437565 0.6639696259604086
-0.1209810097844437 -0.706390490451221
-0.8971460627644654 0.8549628548979195
-0.9922226417252611 -0.16058463109232765
-0.024914099177061777 -0.1259235639316194
0.985973916947791 -0.15009112675840924
0.6127589558197315 -0.6364135921914543
-0.1727363474053938 -0.7720587790351099
-0.6157153783889877 0.9443361388593783
-0.3032280395991238 -0.8872294893076278
0.8049305673416387 -1.228820920162537
-0.6372054490922725 1.1092061335329082
0.8177929220041396 -0.5308181536076663
-0.4246672919947032 -0.5016893243563791
0.8086902941161718 -0.927157539646832
0.5345712642278095 -0.2267459717881166
-0.2585011940151174 -1.0606686297476726
-0.6744131694430289 1.3138011059420713
0.15086262210474244 1.0462311232721797
0.11761081690014419 0.6289474702086748
-0.5233529246461925 -0.02558340635537565
0.7983530515060464 -0.9958362532956732
-0.9876216048251285 0.023104235489855393
0.10241361827099782 0.6943408541321374
-0.1441556528361656 -0.9900847691064332
-0.19592404476931202 -1.2501432166049444
-0.7133858628672323 1.1467535986918327
-0.9885408047460449 -0.10900109438265575
-0.051468986917679205 -0.45647650381702043
0.2313358412588591 0.7967399335524904
0.20791231883271144 0.8287043359111533
-0.15799964557062873 -0.5375017241936957
-0.25923646543756473 -0.871613729700977
-0.5421272184045185 -0.03562510146155179
0.21453276676962107 0.8420132838537978
-0.9920150490924511 0.2913036561115106
0.9509398565920513 -0.12057851678028403
-0.9123623193125838 0.39586166103618436
0.326376442065641 1.1858005114657384
-0.4856250967114313 -0.15554332798849355
0.8498697338593146 -0.8067689086702167
-0.09220946944322916 -0.8225668757935787
0.10624121999962366 0.6676454562182851
0.15665139825626717 1.2441266470613888
-0.07274365036601416 -0.5144484145790873
0.7336824061317637 -0.8803508817353748
-0.5536548788846332 0.7244282437912393
-0.4789324043524408 -0.06166112234808002
0.21154457923368297 1.0192231917474572
0.128511210811177 0.653933296509368
0.8928254150824326 -0.414173695746147
-0.00760549418897849 -0.25422532269029596
-0.717154772014875 0.8874545710307159
0.9296846339488589 -0.2099757577820591
0.2846511651766419 1.0744157900287938
0.8832081792843114 -0.41302277565216816
-0.31469366782685215 -0.639327413553811
0.6891026175314963 -0.8653748128016499
-0.07844724669534431 -0.4482708797862618
0.3217055973663141 1.162769290514042
0.37597138406284825 0.9976037198269134
-0.007647630963818264 -0.058607278744653664
0.6842309807202649 -0.8700536994067007
0.8483943122212523 -1.0783042139007508
-0.23014826268210475 -0.5975843589306113
0.3823183230804932 0.8412208253972288
-0.6617712223385599 0.7873015197614065
-0.12652309346626334 -0.7332405077832901
0.3679693754464306 0.6420603140402266
-0.3331334285335059 -0.91915330744146
-0.9563633808355851 0.11989013510591792
-0.27090892065791095 -1.0773528901452194
-0.6644168063881153 0.7478685267392596
0.1651619730229006 0.583110846530339
-0.22793271143532134 -1.124138045110032
0.890437325255226 -1.1015153085126217
0.1688880275754363 0.8436114001188374
0.8585886424155462 -0.97053329070807
-0.9102880342697224 0.48764740897181585
0.2192883303178439 0.9530470688914844
-0.7016366677809545 0.9229931837207758
-0.9635501827963286 0.2800668758127172
-0.4978374153204763 -0.1587212466981546
0.9195303041619145 -0.49428905232925846
0.21841574758629823 0.8094244684928474
-0.9005895459814699 0.491946883333244
0.5936351646553313 -0.5921302425352265
-0.8671153277961074 0.7604556104986211
0.052706740982869205 0.21348596467800562
0.4440463801259735 0.09232917256557827
0.46794063203345737 0.37058507325281614
0.49924708803895035 0.1985016297943695
0.03715735560626188 0.13821708880371356
0.862909017191567 -0.9866931435615464
0.8205969446116235 -0.5732858527958674
0.611539716409172 -0.8774664775150384
-0.24910006056055622 -1.1297851627185218
-0.5012840304751178 -0.02526649456038535
-0.740189075822874 1.0082164832566727
0.8131813788170992 -1.060372830385637
0.7666078147048001 -0.8559126860550893
0.36974812788005296 0.4448948584965012
0.2706063565832346 0.8511739048136872
-0.22714236727756876 -0.6416741379215973
0.30378594671320913 0.5789609349681655
0.6189410611349224 -0.7684356183411846
0.4978368492752121 -0.24354203162341242
0.13136454186704083 0.7122734097533936
-0.2445884538518066 -1.0258251923510124
0.7552323996930581 -1.3494240854871082
0.5862398716892046 -0.6310163751659045
0.1282041538440455 0.7683494532699482
0.6939461966503297 -0.8423648712396842
0.33858090471351643 0.30834303015665065
-0.821605807711379 1.0893157684287056
-0.8826801699560345 0.6075463506671057
-0.34245831725513587 -0.607982242041887
-0.8795259770040442 0.7027784804127106
0.4994619994740117 0.06349530687932516
0.00580007730115395 -0.18403721542864399
-0.4609383739993611 -0.17678004289273014
0.9562049661535752 -0.26266584917971453
-0.9121804508392983 -0.011363535182381646
0.030878633939230626 0.3073197867492401
-0.02422266927315886 -0.06761771645927571
0.386156867785618 0.8308512791237403
-0.9608069896970184 0.3885205686776618
-0.7954863828465442 1.3035682872064867
-0.29583422004115945 -1.1662301271787547
-0.9794717868305207 0.013720840000859505
-0.3438693051031767 -0.8979256552947306
-0.109438914343023 -0.40533745888737527
0.4235902893739625 0.4735155754484608
0.3486682118534774 1.060554007206982
0.30566382262720815 1.0661707874880284
-0.026405797982785417 -0.31876498383757346
-0.3122421656833685 -0.8353965348303196
0.7542472243117688 -0.9256868642798133
-0.3148473000958909 -0.8365776600748767
-0.2851946122056648 -1.1130328403327874
-0.3179430480517622 -1.1126313622803794
-0.4716013166737889 -0.46638092751778143
-0.2391386461202849 -1.101273031172368
-0.6591869506122163 0.862319112847988
-0.5915031501001742 0.33135802545670023
-0.9345233163249003 0.5861399376872776
0.1942394315739271 0.7638419312735838
0.04698499128015787 0.6524492406773155
-0.2869669547230651 -1.5108118196251072
0.775969084975483 -1.2250025434239888
-0.34340040975439723 -0.6151721304487352
-0.22762057583665674 -0.9234171782873313
0.17510856199324065 0.8853432155385762
0.69231610903345 -0.8134222781095336
-0.14667700903846392 -0.6335860425946628
-0.10098520893369045 -0.6884962647583243
-0.5865649477160806 0.29937638608543704
-0.3297457906133141 -1.0187089617941374
0.6144255710340811 -0.6325442737540774
0.8644630486800429 -0.5181168239764611
-0.894757570127269 0.8632654061791818
0.8036054502938164 -1.1836873661340708
0.8814520837987432 -1.041941924563289
-0.8213839114889525 0.6930457596659654
-0.8378534503770121 0.9535862441505324
-0.5638819146176246 0.41237124019029325
-0.08583662021705019 -0.560503524679027
0.2747059164395538 0.846826331811592
0.511788305397241 0.029922408436650963
0.1756813959849195 0.9515619276296006
0.29575541888352785 1.2363570561014152
-0.2738351864772737 -0.9826529003379086
0.3638571551590055 1.0749305699059308
0.29014205399584325 1.2945682300079608
