-0.9279509043753529 0.4695775745460373
-0.22658900315793384 -0.7943545380402692
0.3352741478449479 0.6113460043955277
0.8313758047558579 -1.0780632948913453
0.04252191556977336 0.2888273716605669
-0.3776033350159973 -0.8885279053563571
-0.3179404708319409 -1.0487546921629007
-0.37821128187447917 -0.904029185240758
-0.36546986088546984 -0.7796619877840085
-0.5710841222312435 0.7275252752931398
0.4667670217507298 0.7440173784256203
0.42697494604558295 0.7190173527646836
-0.7981625220241335 0.6664436748302456
0.6182807974704732 -0.5655952769353477
0.780095510526642 -0.7466068316695051
0.862092883676254 -0.7461987088133996
0.4411125759562291 0.015214955864088275
0.1493790609975143 0.45604454810065753
-0.7730496660818371 0.8448585445983574
-0.1785494585723233 -0.9116995314687291
-0.599150343044615 0.4836968343037426
0.6721827716788968 -1.0960244646166322
-0.12810754064335383 -1.1141103937398622
-0.16465242780885947 -1.21192853456658
0.5445625255480613 -0.38772490075500865
0.20361965134432336 0.9722039596026633
0.7015277779766926 -0.9428547559269239
0.0766581530194308 0.36493885585823554
0.633548188791387 -0.7579101134069239
-0.07363863458480568 -0.18232084814477162
0.6735765569638172 -0.7924973721502735
-0.8836086452171419 0.7187550109831774
0.1262254930122475 0.40338809360395494
-0.7822343709288591 1.0285557821109848
-0.7244839374622354 1.1555817181639694
-0.3746174498842838 -0.6427865826671167
-0.09051501679190577 -0.7116444367562751
0.5714469419697501 -0.02661524332168097
0.9605658615561941 -0.3016928477614132
0.6401702782069048 -0.7282853715609435
-0.5772758823098596 0.11522156282186147
0.42529366803311897 0.679219041833601
-0.44571625689365146 -0.40632233587289457
-0.5337977852119262 0.5019852965488057
-0.11545022477114397 -0.7627225606640058
-0.04469964535454052 -0.54671443072752
-0.36242446672437656 -0.7286029069490771
-0.450712768454109 -0.20859702109897033
0.44806466914898246 0.24288230066027566
-0.7349169272097789 0.9282559952135614
-0.6268773874430573 0.5928562311680409
-0.11325252821394893 -0.7103184792899232
0.8730415407902661 -1.0372118194893445
0.6520092724827224 -0.8188947742897947
-0.6678851361003342 0.831028697817745
0.6083715746789968 -0.7219795638380021
-0.13865847943985843 -0.8481089667573382
-0.6293135815452442 0.5703661714421212
0.2159508865374331 0.9028360796107772
0.06307120114587672 0.6587161086519964
0.04267193266941405 0.3684252499522547
-0.9980362845782167 -0.3656529991386058
-0.9527013602754264 0.3202891388153887
0.26188193439035046 0.8574443788289403
-0.3034106370934855 -1.2455159844563157
0.8939160149972012 -0.4039594790650222
-0.36234710202265386 -0.6188345575144533
-0.4527464045470113 0.07022477147306905
0.07917248434363411 0.19905031814881852
0.6535485344250587 -0.55113970301209
-0.35589936920436194 -0.708632304052984
-0.909686145280477 0.3982814703618227
-0.42031578332860686 -0.7039289433452243
-0.0015654022552815672 -0.0947266692862769
0.7177218009232758 -0.5094619606368391
0.9061247566166466 -0.6589422332432198
-0.4523331560780022 0.1513344019549246
0.9115647727637377 -0.6067285718740981
0.7943476998557146 -0.8478433337095451
0.208126789164224 0.8574854345091238
-0.6288260449002001 0.8678007604203506
0.936618166874422 -0.570838528956258
0.7960642510852773 -1.0880804530002983
0.451151946906148 0.2865094714716497
-0.5561202637918419 0.26615562231468076
0.09150767475074062 0.6762658884843126
-0.31058410218397237 -0.8442825047783388
-0.6497006712026163 0.8257705702850306
0.3805296213363458 0.5902056409018508
-0.16320748511979666 -0.87530470022693
-0.9169018978870171 0.22931605809277472
-0.009136081751558889 0.009822069681361442
0.008954312066701942 0.15647085595639595
-0.8203054385403521 0.9545780748364384
0.23020093314345935 0.5764352648094067
0.7324895164636198 -0.9527058693441883
0.2514348140326479 1.1135433140000761
0.516426464154059 -0.4387602874933579
-0.33255596625583506 -0.6692731454354348
-0.7345454417726744 0.9350036504843748
0.8797401527510873 -0.749432521719311
0.6196083114935893 -0.8517627256336016
0.8117132053375822 -0.9419334931865074
0.2641545808021839 1.3196194630167042
-0.44913352187938926 -0.24907353826068818
0.25739761096680125 1.2453408469587324
-0.3526958521971424 -0.569764812856715
-0.1780262035611202 -0.6488538912869855
-0.8137540901857174 0.908331585388244
-0.11270330512398297 -0.8313155523032973
-0.3179375712213053 -0.8927262470171415
0.1667501122594479 0.6783543403449951
0.2652908931801694 0.6851831708476588
-0.6032549537496503 1.0090107777909378
-0.805598900626536 1.173906394885215
0.4579176363947963 0.0628678655941792
0.063147173213282 0.4455815893779044
0.9079819983691355 -0.5005892745807511
0.7532825557574221 -0.985792018394227
0.7546844394241083 -1.0205641531266223
0.6224406406780703 -0.7503272229294475
-0.6383248753098327 0.7244499259663506
-0.30204429195423765 -1.307800744953287
-0.46238315266167773 -0.2669316273339701
0.830451879523171 -1.0610059754094947
0.1775288959474013 0.9074110690286203
0.3512885402771935 0.9350633155314889
-0.6767387934984432 0.8069635968529962
0.893825486766239 -0.4037722167554657
-0.38350847066898797 -0.43183239066195656
-0.6860499224511185 1.1125743205479566
-0.5877173936769804 0.6433045458357043
-0.20109187813716867 -0.9492879570631966
-0.6228554905032857 0.42157980946517826
0.49702623084648856 -0.27324846741411385
0.5129080530992662 -0.11441324628032251
-0.5344724320500043 0.4193002196668014
0.8566482078498678 -0.9954570769411594
0.2180379970178723 0.501830966306023
0.4926076157593273 0.1062048363950544
-0.5409708502444723 0.36212396935936403
-0.0866372279898957 -0.42303431976717865
-0.3308333266928569 -0.6844411141424946
0.8456937136483957 -0.6734044791440991
-0.32567351215978735 -1.0384321631018887
0.46777039106685714 -0.1521496433719851
0.9247946102400961 -0.28972831718879016
0.6555596907370298 -0.737572348844183
0.5361264354546793 -0.21585369492217937
-0.38032194691989174 -0.705520578592862
